0.079242215
0.08551292
0.082660206
0.16436672
0.07362825
0.088028006
0.079588726
0.050308406
0.07785951
0.08980246
0.23060068
0.18517397
0.12690794
0.07625299
0.12507206
0.081919655
0.15218201
0.1382503
0.09353886
0.19182567
0.09085446
0.08199603
0.08441223
0.07384061
0.081337035
0.09928807
0.10128917
0.09024101
0.081349924
0.07457594
0.09870189
0.25253013
0.08935505
0.08124739
0.07460129
0.09037768
0.13306645
0.14344376
0.1718394
0.11433651
0.087439775
0.0833249
0.08593376
0.08884048
0.091795884
0.21226816
0.08491339
0.05955497
0.06940244
0.08968754
0.07701215
0.16705921
0.12421047
0.088395745
0.08500625
0.13027029
0.09222827
0.14082435
0.13162884
0.083606504
0.13966596
0.092608586
0.08917535
0.09054864
0.22864895
0.08386387
0.081773564
0.08000506
0.08929714
0.065829046
0.22473152
0.12494679
0.104938045
0.09644264
0.091952376
0.18239982
0.0783138
0.077994645
0.08369942
0.16484419
0.08649062
0.17729564
0.20237574
0.093384475
0.11911222
0.07521099
0.18040888
0.07228462
0.08109528
0.20595072
0.13845211
0.07963157
0.13747177
0.16844629
0.07059563
0.18758482
0.060088165
0.08259202
0.18469581
0.159884
0.087167
0.16054218
0.0854047
0.08776085
0.1321805
0.08611189
0.09232073
0.20221761
0.09264335
0.075993285
0.09197367
0.08060952
0.07396503
0.10878864
0.075813755
0.08952011
0.0780556
0.156828
0.26816073
0.09299936
0.16958362
0.13257636
0.08074616
0.1843996
0.16768003
0.08857636
0.17478806
0.123177856
