-0.35860458
0.15869565
0.37556827
0.2364047
0.2720974
0.063303776
0.39925143
0.35095292
-0.25903562
0.5099612
-0.24089672
-0.3909511
0.49107543
0.3191735
-0.6424308
0.23713292
0.30933157
0.11145805
0.21556996
0.31141457
0.2975897
0.42216045
0.45544964
0.33778286
-0.3926332
0.44225532
-0.4330767
-0.09528477
0.21399806
0.03155173
-0.30398446
0.5225631
0.6094971
-0.22915314
-0.41498446
0.096503
-0.40681264
0.17417431
0.2534417
0.21059981
-0.27355352
0.17574766
-0.658918
0.5668318
-0.039890703
-0.55512506
0.11769806
0.6367644
-0.19551042
-0.42924798
0.47800103
0.20638366
0.11758578
0.29551333
-0.24424253
0.12717552
-0.3825541
-0.03771546
0.036525853
-0.41769934
0.32630017
0.50504273
-0.60800874
-0.3550058
0.05361369
-0.6908155
0.16275956
0.29220214
0.37996623
0.5629149
-0.5346259
0.516145
-0.2263621
0.38121372
0.035875376
-1.0137839
0.07111836
0.397474
0.1121176
-0.20551383
0.57072216
-0.6754186
-0.5193486
0.19028941
0.09943577
0.57962006
-0.376548
0.4495999
0.031034237
0.24625562
-0.47734165
-0.03020346
-0.3135755
-0.12872943
0.36362
0.35008964
-0.63851815
-0.16468255
0.25707158
0.25103354
-0.3201302
-0.005850593
0.18501581
-0.032169316
-0.025483694
-0.73679334
0.58393836
0.6869331
0.24932355
0.5731462
-0.010305181
-0.18685913
-0.42611057
-0.24296142
0.06452978
0.3466589
0.16993289
0.4349054
-0.37527794
-0.030807044
0.05242411
-0.6043742
0.6561745
-0.3632757
-0.4541497
0.51313955
0.4699561
-0.68131554
0.07656459
-0.099987306
-0.6152846
0.04895567
0.3435215
0.37358466
-0.3818859
0.1068112
0.23769994
-0.3490883
0.5132677
0.13601248
-0.60343754
0.26007742
0.55508924
-0.33918437
