0.1207304
-0.16725343
-0.09349775
0.1459008
-0.011876012
0.20465496
0.031085812
-0.0579366
0.2024063
0.4645212
-0.03826238
-0.06392884
-0.051671818
0.014691195
-0.19050655
-0.07263543
0.1236931
-0.08542033
-0.073205404
-0.18779825
-0.15662873
0.056300145
-0.1952013
0.059330404
-0.61763966
-0.11693516
0.0070804916
-0.5530506
0.12467034
-0.09206258
0.021245154
0.060971938
0.017787011
-0.20789008
0.28954908
0.14505734
-0.2709746
-0.22424862
0.37521884
0.058042515
-0.006899864
0.051285505
-0.15580629
0.4722163
0.1817721
-0.2811385
-0.50284433
-0.10856505
0.044320524
-0.02942464
0.33838978
-0.09191753
0.2717789
-0.14434978
0.0011454101
0.14372078
-0.077078514
0.11504012
-0.16408427
0.24813151
0.15906668
0.091711074
-0.11809644
-0.13318273
0.15663809
0.6017057
-0.17992574
-0.42280227
-0.0078420965
0.05270258
0.20325765
0.18761252
-0.5375812
-0.6031203
0.081853434
0.0039723697
0.1094862
-0.11164353
-0.53487414
0.16915825
-0.16197492
-0.03011002
0.17251547
-0.28693402
0.2809229
-0.0784312
-0.09145089
-0.2798993
0.6903381
0.041436207
-0.49083814
0.2256187
0.11683547
-0.042917315
0.123668075
-0.85041285
0.12894179
0.22796333
-0.21396892
-0.061633736
0.10201438
0.013261284
-0.24518162
0.14660554
0.13998921
-0.13971005
0.085875444
0.06302865
0.10116194
0.12813805
0.06348661
0.11394841
-0.08301172
0.09866395
0.0032372426
-0.027311267
0.13924843
0.096827224
0.13362066
-0.13407177
0.100434944
-0.0885314
0.13820636
0.26117527
-0.022886977
-0.07591376
0.1869059
-0.05047536
0.043786433
0.18187751
-0.09623781
0.22592212
0.25670293
0.0015921161
-0.02792473
0.17864408
0.14562
0.36144122
-0.045025926
-0.007367576
0.015159924
-0.005563926
-0.1256312
0.071897
-0.041623473
-0.0458521
-0.015611508
-0.13734093
-0.15495022
-0.06195671
0.20215286
-0.13764685
0.1481871
-0.115718134
0.00521221
0.22140196
0.018180467
-0.09613207
0.050450377
-0.10780315
-0.022000562
0.14011681
-0.1961755
0.078500256
-0.001557796
0.109893925
-0.12608995
0.109655835
0.21881121
0.07938625
-0.14447188
-0.17413947
-0.0707955
0.17730537
-0.02618148
0.10880401
0.053435963
-0.0014781611
-0.20363504
0.17680018
-0.114597045
-0.104145266
0.1129302
-0.25343826
0.060480785
-0.017346187
0.13907728
0.17659245
-0.23534043
-0.096001826
0.23943247
-0.06480774
0.2413558
0.058982756
0.30631605
0.13314947
-0.24147451
0.027727725
0.27267182
0.06497398
0.119118474
0.26410306
0.168391
0.16388415
0.1965854
0.09576321
-0.040255554
0.23812221
-0.12726942
-0.015665114
0.31608856
-0.09827769
0.11260746
-0.11713527
-0.022183793
0.18679863
0.012728067
0.05409003
-0.23399821
0.17396852
0.11199555
-0.1292258
-0.04655834
-0.07782393
0.14269944
0.30290478
-0.1596238
-0.069026016
-0.026732331
-0.06705564
-0.06703249
-0.079716064
0.05631891
0.22797093
-0.18816833
0.13919151
-0.029832266
0.24527761
-0.018797955
0.051303845
-0.1760717
-0.016575301
-0.05091089
0.047086235
-0.25642148
-0.085787445
0.027759485
-0.16834803
0.06532111
-0.018897405
0.15258762
0.14985314
-0.09274378
0.020160604
0.08398695
0.18117382
-0.046614543
-0.35136774
0.3860188
-0.061810076
-0.040745243
0.0005502757
0.40445343
0.27659085
-0.07174057
0.14344573
-0.03815139
0.4269565
0.095385276
-0.21624681
-0.18771479
-0.20202897
0.06206416
-0.08410205
0.26234308
0.10248351
0.22516395
0.19939567
-0.13146178
0.2241167
-0.058438193
-0.14707334
-0.19665317
-0.028994143
0.06853659
-0.0631536
-0.004974939
0.0067279814
0.23957118
-0.4183633
-0.2441786
0.31167424
-0.4451347
0.13965553
0.085920066
-0.13856436
0.06576915
0.41254953
-0.23438436
-0.028655544
-0.03897193
0.22499603
0.066739954
0.18289772
-0.10150816
0.005755503
0.2847254
-0.46731204
-0.40740284
-0.3861089
-0.13407558
-0.1418725
-0.57038313
0.10581225
0.2913711
-0.25066397
-0.046967123
0.07028156
-0.22712994
-0.2867265
-0.43318516
-0.2737095
0.20354272
-0.37962276
-0.005287587
-0.2878401
-0.09006028
0.17485923
-0.10605153
-0.29590234
-0.23423491
0.3035794
-0.5062117
-0.16853237
0.12983924
-0.27612898
-0.04431125
0.002263271
0.13654925
-0.14224073
0.036114514
-0.10781161
0.18009329
0.17643018
0.31614307
0.0105742095
-0.22100447
0.5037181
-0.29657054
0.046784807
-0.42067954
-0.45462173
-0.013015701
-0.63454753
0.22373472
0.4285539
-0.06633562
0.15689725
0.3325997
0.010467745
0.17470069
0.49489537
-0.124506526
0.30386898
-0.016535433
-0.07950784
0.012361782
-0.050541073
0.0049772547
-0.061486896
0.24401255
-0.10043936
0.091471314
0.21659218
-0.08369322
0.32379624
-0.16051699
-0.02677781
-0.22114867
-0.20799094
-0.08417386
0.09803062
-0.26962808
0.18470907
0.115192905
0.1359264
0.31049615
-0.23412797
-0.2544401
0.1786589
0.2789253
0.036845088
-0.22087152
-0.13654017
0.06461425
0.04936426
-0.10592352
-0.0947691
-0.4579477
0.07804508
0.037791286
-0.026419446
0.26302603
-0.07126325
-0.016553314
-0.11543401
0.15911111
-0.14252722
0.07662076
-0.03020783
-0.09322732
0.1930849
0.121011145
-0.100819945
0.07493412
-0.2807685
0.054918204
0.26456913
-0.2555375
-0.21957824
0.010333942
0.07360303
-0.1081478
0.18505192
-0.22322315
-0.09109599
-0.062650695
-0.02798069
-0.014957083
0.17057742
0.07482309
-0.01256301
0.104969576
-0.052625373
-0.07418866
0.011469529
-0.034855936
0.13432908
0.28846163
-0.14472032
0.23887217
-0.049104106
0.0725921
0.35060737
-0.102593355
-0.11307228
0.25357345
-0.101976864
0.027164634
0.17492087
0.4494039
0.1327475
0.11610292
-0.12739919
0.0029236784
0.1758833
-0.08726526
0.019536544
-0.043723237
0.097025245
0.15672141
-0.31776795
0.11549746
-0.058066968
-0.02516834
0.19251747
0.19611132
0.156023
-0.22577013
-0.02245918
-0.17703727
0.3213624
-0.044810608
0.004623488
-0.21812437
-0.017120989
-0.08536413
0.0026678056
0.12630305
0.07888189
0.272938
-0.40920556
-0.2049714
0.31216297
-0.3003122
0.2828963
0.15930887
-0.2149404
0.4756152
0.7141797
-0.100726135
0.057870783
0.045072727
0.17059857
0.11873879
0.0022040359
-0.14706086
0.038849268
0.13309346
-0.3642289
-0.054291967
-0.16148235
-0.0044738483
0.062328216
-0.56132907
-0.1685511
0.22350468
-0.49361897
0.062459707
-0.027788876
-0.44576034
-0.13219582
0.0564433
-0.38831523
-0.25150657
-0.059131328
-0.32578692
0.022334004
-0.06511042
-0.3315253
0.06901274
-0.02867493
0.08726434
0.2811073
-0.051739946
-0.25845566
-0.24341314
-0.0072196103
0.036401942
0.01973125
-0.22612761
-0.28918064
0.31407985
-0.6123816
0.19416481
-0.05976988
0.4059203
-0.12011073
-0.1082967
-0.305407
0.15822618
-0.086051874
-0.08100885
-0.15415548
0.046009976
0.3281406
0.11799815
-0.3679677
0.11644955
-0.37096035
0.31376556
0.16088615
-0.19583763
-0.34032884
-0.0007696217
0.2679389
-0.27820536
-0.27768698
-0.06661869
0.015287212
-0.018361356
0.09958076
0.2299754
-0.52205557
-0.1168005
-0.16599333
-0.053752616
-0.035796862
0.19439188
-0.0762864
-0.12830521
0.13507481
0.18530303
-0.057176773
-0.32399812
-0.31989858
-0.22253624
0.41726774
-0.65931046
-0.23317355
-0.1372276
-0.51926416
-0.27426174
-0.040147312
-0.186784
0.1899754
-0.1652968
-0.24586724
0.03773069
-0.11423662
-0.08525228
0.04503516
-0.16528521
-0.01050812
-0.2174439
-0.6460937
-0.09099399
-0.24112403
0.06336542
0.023056816
-0.19510122
-0.007788515
-0.40712437
-0.023844652
0.035544593
-0.08396243
-0.13632838
-0.13839175
-0.18928024
0.19114468
-0.052759003
-0.061899107
-0.017641343
0.039275184
-0.05527485
0.028784035
0.0638678
0.18793748
0.0013409967
-0.10699856
-0.036790494
0.02713286
-0.009346155
0.021081917
-0.16125289
-0.029021407
-0.020015696
0.12965494
-0.16323921
0.02800056
-0.08012746
0.03720189
-0.19831395
0.034848087
0.087931715
-0.21733446
-0.15041557
0.07855342
0.010464728
0.117130965
-0.02032885
-0.016819168
-0.2194505
0.05188132
-0.12602612
0.1388455
0.05989955
-0.09265626
0.23115668
0.20667003
-0.20871553
-0.08999427
-0.045492183
0.15199952
-0.029146852
0.08960544
0.050361507
-0.10673298
-0.14566654
-0.10278929
0.21396744
-0.005604429
-0.09438208
-0.083855785
-0.2738855
-0.02939883
0.015004224
0.024779132
-0.040421437
0.013207132
-0.11687683
0.2006572
0.05726517
-0.15294208
0.16166699
0.14783718
-0.0061852713
0.22919299
-0.21802314
0.08062418
0.026462909
0.10573251
0.0068447716
0.0175369
0.024090502
0.03815102
0.095682696
-0.111481726
-0.028582912
-0.06945336
-0.19816303
0.15410274
-0.030329974
0.034095474
0.0298547
0.024917057
-0.15624756
-0.0615882
0.18202905
-0.38451877
-0.070236474
-0.116668016
0.17489874
0.12162138
0.08993385
0.19158529
0.05819227
-0.1900074
-0.0035639328
-0.4420268
0.23742893
0.026732916
0.11618787
-0.34525147
-0.0146088125
0.24961653
0.0019979463
-0.1461009
0.15229137
0.21738598
-0.10179597
-0.06251724
0.40126467
-0.36339825
-0.18353851
-0.022366257
0.11988825
0.28497794
-0.07231445
-0.1614045
-0.17862175
-0.008800155
0.12545745
0.012059446
-0.15649958
-0.18684734
0.041556574
0.05883593
0.057100326
0.03771352
-0.07930163
0.06816131
-0.20503893
-0.10573535
0.17491862
-0.1285839
-0.024335375
-0.07093344
-0.004068568
-0.07241019
0.054929297
0.16093138
-0.0015500683
0.03173346
-0.1612255
-0.011410075
-0.09659357
-0.08002014
-0.0929313
0.174004
-0.11307476
-0.2209416
0.039374188
-0.28005782
-0.12048841
0.09122652
-0.0271499
0.14751305
-0.25912145
0.035184234
0.1599846
-0.22408538
0.06973906
-0.33848438
0.17058177
0.23852973
-0.310382
-0.25117728
0.06733984
0.0006278554
-0.18745907
-0.11188852
-0.2799629
0.025834091
-0.04032377
0.12469855
0.24793226
-0.2846286
0.082664765
0.19884579
0.16323204
0.00018363309
0.07979016
-0.018412942
-0.2443793
0.38809323
0.034606747
-9.4857736e-05
-0.19460158
-0.23996854
0.1324729
0.0456631
-0.38364846
0.17057177
-0.4231507
0.04135525
0.22717091
-0.17570277
0.35560402
0.096642256
-0.04888713
0.36070514
0.15339504
0.032633472
-0.21443279
0.020906135
0.06208121
-0.10391386
0.097737916
-0.5757886
-0.12332416
-0.8366156
0.025499148
0.12840438
-0.034709036
0.053471927
0.15797801
-0.4093031
0.12030923
0.022376781
0.020406634
-0.31261867
-0.30644852
-0.33168554
0.5029189
0.049199864
-0.094159745
-0.13446856
0.042856235
0.50505173
-0.09147419
0.014588197
-0.16865481
0.23320693
-0.15076433
0.4495867
-0.07903686
0.09110243
-0.031232184
0.048861586
0.33165404
0.058186807
-0.19952506
0.18488972
-0.09799991
-0.038387995
-0.22267656
0.0049381177
-0.10855478
0.30561036
-0.20021252
-0.17356864
-0.35182694
0.030125447
0.055905797
-0.00923701
0.10181373
0.08984305
0.19741875
-0.20580117
0.20318101
0.32070547
-0.0899774
-0.31648326
0.048140425
0.27072042
-0.10071475
-0.23731929
-0.20789634
0.025333282
-0.01889285
-0.062391113
0.09862799
-0.48946106
0.25851807
-0.20880868
0.4703966
0.2781225
0.2863217
-0.004142742
-0.44019514
0.22696069
0.084570535
-0.08029164
-0.14037026
-0.500747
0.1667382
0.30512935
-0.2857666
-0.5077944
0.09741303
-0.5688827
-0.024505308
-0.008913163
-0.087722115
-5.966673e-05
-0.40437645
0.04000421
0.042253558
-0.43479437
-0.10193575
0.16060768
-0.10932646
-0.15262155
-0.014210832
-0.53067845
-0.26898533
-0.3797605
0.046593968
0.11622721
-0.08492757
-0.13862275
-0.1731113
0.0016001401
0.07537109
-0.05543454
0.007186518
-0.20006397
0.019298675
0.005051102
0.1170482
-0.03960526
0.09020496
0.01486552
-0.29571867
0.04937605
0.14070012
0.066255964
-0.17599826
-0.08068626
-0.0032221107
0.18278983
0.03165262
0.07648473
-0.03676017
-0.18241988
0.13485555
0.13233441
-0.17164028
0.07088223
-0.097524755
0.11506061
-0.15161274
-0.05592577
0.022429647
0.19139396
-0.17834969
-0.11112733
0.15745805
0.17897475
-0.23911974
-0.7017649
0.38130593
-0.006656999
-0.25575823
-0.24803081
0.15725106
0.16601174
-0.28480783
-0.1927105
0.008752305
-0.14191988
0.052686855
-0.3557472
-0.33578646
-0.124207534
0.048126057
-0.1591459
0.11776295
0.13747852
0.19237162
-0.006384865
-0.443051
0.25368863
-0.07030484
-0.17135458
-0.5281076
0.017327221
0.015143168
-0.07584838
-0.20238216
-0.23157342
0.067479834
-0.22923063
-0.22454612
0.14001074
-0.001246997
-0.16936061
0.26774445
-0.25048095
0.20655464
-0.2711257
-0.05471742
0.4143553
-0.12879771
-0.2632016
0.0076618646
0.15874903
0.14162852
-0.16661654
0.1851306
-0.60741895
0.19330658
-0.63001883
0.15866812
0.3128963
0.40474877
-0.011053091
0.090660274
-0.124926895
0.012022211
-0.17587908
0.15411668
-0.46291298
0.26484004
0.011183856
-0.44164973
-0.3075164
0.14251192
-0.23408626
0.10771239
-0.17038292
-0.19071068
-0.74796534
0.57933426
0.38816544
-0.5950103
-0.5891828
-0.08708025
-0.12568603
-0.050554898
-0.005869533
0.085394815
-0.53876424
-0.09057671
-0.2677238
0.08670491
-0.08659327
0.36352405
0.012363342
-0.10514499
-0.11384187
0.29038545
-0.04485864
-0.040391307
-0.008585339
-0.09652175
0.21080723
0.066027574
-0.39037693
0.20553382
-0.35877004
0.24554348
0.33004448
-0.3105636
-0.042056713
-0.26353422
-0.03441586
0.0459893
-0.018828621
-0.20489015
-0.06471687
-0.0435749
0.028165463
0.4058421
-0.043539416
-0.08785286
0.039084952
0.021587804
-0.08552183
-0.1787126
-0.032737847
0.09140299
0.41665915
0.08649973
-0.10211492
-0.33622107
0.059013326
-0.104677744
-0.24126205
-0.18554258
0.00089603383
0.22344817
-0.01099343
-0.43946907
-0.31270242
0.20873842
0.06527758
-0.023092799
-0.43329272
0.033591606
-0.0059080445
0.07195451
0.14875461
0.023548774
0.033637337
-0.116510235
-0.10473524
0.3506902
-0.0009665597
0.06422296
-0.1286165
0.06808899
0.025321279
-0.03299679
-0.39457864
-0.25359005
-0.08797862
-0.09408811
0.11733208
-0.02743484
-0.21449459
-0.07339131
0.08858854
0.00047909457
0.21116756
-0.05193336
-0.23073679
0.21032354
-0.17881322
0.16980563
0.005715983
-0.122993834
-0.027930362
0.09634265
-0.13554704
0.10308294
0.011705944
0.01648414
0.12126486
0.16283269
-0.013752836
0.017779713
0.041642733
0.007456003
-0.072594054
0.17509344
-0.21815176
-0.04392585
-0.17094672
-0.096137315
-0.053974196
-0.007219708
0.0006065105
-0.09835199
-0.20406547
0.02336164
-0.03575486
0.14369655
-0.18958272
0.13088715
-0.23812917
0.12088229
0.19679049
-0.09517818
-0.20887
0.033610452
-0.0658843
-0.09410213
-0.05419756
-0.058945213
0.14465785
0.0501614
-0.19910069
-0.025243245
0.27050722
0.1840949
0.067479834
-0.09202937
-0.20234443
0.1763213
-0.037307028
0.15738846
-0.17012666
-0.07749288
-0.11476455
0.013409777
-0.103268564
-0.15669745
0.17134917
0.14108084
-0.19376954
0.041049283
-0.07359712
0.1678271
0.20254926
-0.021953491
-0.17185266
-0.08892257
-0.14040567
0.064062156
-0.13577905
0.07433552
0.010610626
-0.07939256
-0.0327145
-0.1362062
0.14509512
-0.011646997
-0.07245461
-0.0061686463
-0.33025482
0.122610226
0.10885805
0.03136809
-0.04340275
-0.12940216
-0.054513846
0.2876812
0.08813587
0.14792573
-0.13923204
0.19244362
0.44698384
0.009938233
0.2412587
0.21651553
0.15994489
-0.082652286
0.24240783
0.11128717
-0.036396574
-0.050826132
-0.053391255
0.44515717
-0.15684225
-0.09908937
0.21728899
-0.14701097
0.09212579
-0.0054479805
0.030359307
0.023577854
0.17918538
0.13351104
0.03671573
-0.12193063
0.15546769
0.10003024
0.030191526
-0.032696407
-0.18983887
-0.0150012225
0.10164229
-0.082700156
-0.26363513
0.1309979
-0.24663185
0.2702368
0.12345376
-0.109609336
-0.2836549
0.13960893
0.12952624
-0.02256693
0.054183967
-0.10545861
0.12659562
-0.118282214
-0.031747617
0.09007996
0.10297406
0.057165205
0.0909899
0.025226796
-0.22579724
0.2495348
-0.09315163
0.029001119
0.026575964
0.063755855
0.28648564
0.27011096
-0.34527794
0.029223537
-0.10868509
-0.011221492
0.16775066
-0.07730017
0.041271534
-0.10835189
0.08237961
0.0011452672
0.07249482
-0.18576562
0.15283835
-0.14383122
-0.1159992
0.18746139
-0.06976423
0.16929036
0.20086949
-0.037408102
0.0065703634
-0.14312743
-0.091278926
-0.024446104
0.47550324
0.014493139
-0.015422362
-0.22432874
0.0041354
0.16794822
-0.116506785
-0.15268213
-0.24791852
0.21687604
0.07632934
0.39259648
0.277648
0.03415887
-0.28559327
0.3184945
0.72369456
-0.3870172
-0.39271155
0.027627535
-0.052349787
-0.04831651
-0.096469834
0.40706477
0.06404599
-0.16554257
-0.24799637
0.11048632
0.4293198
0.11533211
-0.031143252
0.3419566
-0.06941851
0.2882116
-0.0039198264
-0.03556852
-0.03366628
-0.22784224
0.038628735
0.3219045
0.102304146
-0.10692794
-0.06900996
0.21090913
0.35097027
0.15069462
0.27157578
-0.09916696
0.0296041
0.1382676
0.20683232
-0.15743758
0.1002226
-0.0043315054
-0.08016107
0.109667346
-0.012011618
0.05756336
-0.10324357
-0.199857
-0.1622431
-0.321277
-0.14672866
-0.109424524
0.0015973323
-0.18454665
-0.15067203
-0.022063293
0.1666925
0.0965321
0.2783171
0.28302333
5.8268866e-05
0.10735244
-0.41221267
0.41069093
0.5490347
-0.14716817
0.15209904
0.23348334
0.20007738
0.05829694
0.11618994
0.07974809
0.22179887
0.088196926
-0.22614498
0.51589996
-0.34388626
0.121216156
0.026062312
-0.053298242
-0.10044454
0.2118416
-0.03149443
-0.20438525
0.54620636
0.24563444
-0.1545284
-0.13851945
0.30672204
-0.20739217
-0.088890225
-0.21073435
0.091142
0.11691524
-0.044933096
-0.17678435
0.048028357
-0.16019401
0.29131803
-0.18145007
-0.1167149
-0.22173552
0.027979512
0.09780373
-0.023127507
-0.234591
0.053915523
0.09365844
0.14534727
-0.08556355
-0.05040853
-0.13761105
0.028339567
-0.27868515
-0.13772224
0.07061711
-0.13124867
-0.11293687
-0.042237576
-0.14363532
0.0029522253
-0.06355554
-0.21576793
0.11249616
0.067589074
0.106107324
0.012299527
-0.0050662006
-0.24548838
0.2094828
0.02494665
0.015363914
0.07275371
0.15891847
0.15895085
-0.11037472
0.08055787
0.11828284
-0.0025416163
-0.103598796
0.20531498
0.2972753
0.06045885
-0.0899352
0.21593615
0.022394666
-0.08994568
0.2025039
-0.14967641
0.14473197
-0.14385957
0.1332585
0.0813938
0.03448099
0.32019815
0.08814115
0.05450017
-0.14379399
-0.16864528
0.11274952
-0.13911171
-0.3452363
-0.16081841
0.32980493
-0.24201237
-0.1989853
-0.09497181
0.03927277
0.119189486
-0.21821786
-0.05262322
-0.20785622
-0.4464808
-0.03029848
-0.2974553
-0.013718764
-0.23017675
0.06524637
0.026450938
-0.49443528
-0.029657857
-0.0004245156
-0.046549633
-0.4002838
-0.53771895
0.22105876
0.05379533
0.11944791
-0.3135019
0.20154354
-0.28643128
0.4668145
0.27799118
-0.08528609
-0.24039239
0.4031573
0.45634788
-0.23198439
-0.10368657
0.08892844
0.17248563
-0.08029785
-0.02607719
0.4152432
-0.10489092
-0.20075577
-0.12816034
0.012926814
0.09486325
0.063165314
-0.073514886
0.044410642
0.17494191
0.33897427
-0.08766775
-0.09152698
0.22272858
-0.3796386
-0.057280548
0.11742951
0.009677626
0.15390861
0.06738621
-0.07181895
0.20795788
-0.085164316
0.27568668
-0.31823146
-0.03107053
-0.21436411
0.2516391
0.14509563
-0.2963247
-0.15013057
0.0057745962
-0.050211914
0.096862905
-0.3382728
-0.061122555
0.1699492
0.19108725
-0.0058550755
-0.019180646
-0.12459326
0.011788565
0.04012773
-0.1088638
0.037178967
-0.029034896
-0.008958814
0.13541661
-0.04763416
0.10306794
-0.20418358
0.26297238
0.07581398
-0.30577606
0.26935935
0.26143
-0.009743346
-0.46576372
0.06658076
0.16906187
0.15766792
0.077217065
-0.050300963
-0.093747824
-0.28152153
-0.1549413
0.10518339
-0.22450872
0.39247185
-0.31597283
-0.026646417
0.007051507
0.106498905
-0.18664515
0.16253962
0.05933502
0.1467314
-0.08686819
0.15539587
0.60112697
-0.7327726
-0.030121636
-0.019165758
-0.19246934
-0.33724532
-0.30393055
-0.22065425
-0.42420152
0.12986106
-0.24882132
-0.27315965
0.03411669
-0.0045317523
-0.16375253
0.009359853
-0.16394946
-0.059286747
-0.053346433
0.6104004
-0.5370304
0.20608436
-0.054619774
0.37008113
-0.15715665
-0.50481534
0.31075782
0.08313271
-0.12376603
0.15615861
-0.868087
0.0603798
0.08114918
0.09391556
-0.08446875
0.109314345
-0.095408335
-0.058394585
-0.20512691
-0.21279657
-0.24381134
-0.1111036
-0.082263954
-0.15154263
-0.05205573
-0.122576386
-0.16053742
-0.001062768
-0.054511502
0.0062491624
0.20924817
0.05098512
0.115292855
0.037654486
0.06497575
0.20102224
0.07412818
0.057683256
0.17049831
-0.0857275
-0.00013987972
-0.09362297
-0.12112286
-0.15129305
0.19509387
-0.12786692
-0.13811977
0.052283447
-0.04365364
-0.15304308
-0.05143266
-0.17611724
-0.24282756
-0.03634956
0.04389156
-0.13993144
-0.19954304
0.054411195
-0.07174878
-0.15557717
-0.14724736
-0.07915813
-0.23255585
0.01672633
-0.040951386
0.020707225
-0.105058745
0.39987975
0.0010175462
-0.07538147
-0.059338808
-0.25356546
-0.049994413
-0.070628375
0.111498415
0.03259408
0.031279963
-0.07357034
-0.06291083
0.21625325
0.07019758
-0.17382312
-0.13565408
-0.24910815
-0.25561154
-0.083232686
-0.13281325
-0.13385431
-0.18197776
-0.115151346
-0.06349742
-0.100274555
-0.09797957
-0.13984478
0.14545345
-0.03384613
0.16407202
-0.19969715
0.2055132
0.23360363
-0.01929987
-0.02403574
-0.059651867
-0.2142764
0.07881325
-0.02996555
0.03493531
0.117053464
0.18280943
-0.25736976
-0.022759592
-0.3140593
0.11702241
0.11100235
-0.11431708
0.16272557
0.044965435
0.12567934
-0.41791707
0.20561574
0.34045783
0.36966023
-0.053516086
-0.08545238
-0.08647865
-0.20229182
0.041646272
0.0107011665
-0.11180036
0.5360729
-0.31185117
-0.11184726
0.09074049
0.11288309
-0.10447736
0.18583767
-0.037646353
0.28925914
-0.045567464
-0.11523111
0.09437513
0.020664288
-0.2397163
0.1993737
0.011988894
-0.2626403
0.05224486
-0.21680893
-0.0656828
-0.022418791
0.025283528
-0.007782154
-0.007924817
0.05400979
0.005123839
0.027856564
-0.049891964
0.043328535
0.12648214
0.024658982
0.07348836
-0.08468523
0.12629582
0.051310048
-0.15460925
0.053246733
0.15246828
-0.13220759
-0.11126645
0.06746264
0.09146426
-0.07689732
-0.3855837
0.11867783
-0.18520449
-0.31464586
0.36542907
0.3559142
-0.014961323
0.22430933
0.19402239
-0.12283002
-0.08152757
-0.19832781
0.038289674
-0.22683251
-0.1906188
0.039694596
-0.024063218
-0.06331661
-0.039244242
0.059661113
0.21996391
0.1839432
0.08879659
-0.10302113
-0.03443347
-0.11187954
-0.23146996
-0.0048671467
-0.16469699
0.07506826
0.122412294
-0.23140454
0.11741178
0.0060595726
-0.4760637
-0.113114014
-0.17502752
-0.3424322
0.04032958
-0.046859566
0.068881854
0.02791388
-0.30165067
-0.14213133
-0.17420755
0.3288716
-0.16931848
0.10909852
0.010794592
-0.53900594
0.0810382
-0.43861058
0.03588564
0.19266412
-0.54176277
-0.016894868
-0.04757939
0.10133905
-0.1883943
-0.015929196
-0.005486073
0.04789615
-0.07989333
0.07173827
-0.5253907
0.021625018
0.38089347
-0.26543537
-0.4750855
0.05368359
-0.0793807
-0.33427277
-0.40050703
-0.12036309
0.18707721
0.1686666
-0.43604937
-0.27273825
-0.1501923
-0.057832588
-0.15571085
-0.2468044
-0.5982606
-0.12414248
-0.07801104
-0.35505873
0.13225889
0.42052978
0.13560387
0.102612875
-0.19252978
0.13682634
-0.04551926
-0.48726615
-0.56171304
0.12901741
-0.35880375
0.23321041
0.3279347
-0.27547604
0.3760119
0.14826113
-0.097532265
0.11729763
0.5721979
-0.052980684
-0.1167753
0.06722367
0.2037813
0.10221015
-0.027085528
-0.07944954
-0.064426646
0.059704185
-0.34754434
-0.15041707
0.22914992
0.09636945
0.14632612
-0.43917784
0.14109279
0.23492211
-0.3359266
-0.0015988129
-0.113165684
0.06949409
0.2528616
0.0051959464
0.4459111
-0.24842346
-0.31360778
-0.31972498
-0.026990302
0.09160425
0.091432974
0.11870566
-0.056443345
0.0042229667
-0.40534964
0.12893108
0.18781413
0.2947655
-0.014320274
0.062551185
-0.10658916
-0.1649634
0.0800527
-0.008434723
-0.24388938
0.5910728
-0.31759503
-0.041346412
-0.038146917
-0.1805571
-0.1218817
0.07129336
0.03490634
0.15483478
-0.47313794
0.05954999
0.034804404
-0.028369285
0.07101931
0.24415894
-0.19486517
-0.19386642
0.11717315
-0.31186762
-0.3127728
0.10210392
-0.09426995
-0.05960428
-0.034132935
-0.12366308
-0.015101496
-0.12571318
-0.0012126616
-0.08862781
-0.14649884
0.2199809
0.12440497
-0.13660789
0.046887908
0.2551482
-0.035471797
-0.18367183
0.06469659
-0.07969384
-0.07361885
-0.13328445
0.008104214
-0.4676263
-0.4193851
0.14947614
0.15234539
0.25533822
-0.050436042
0.42876783
-0.16332142
-0.30151525
0.012664063
-0.23994759
0.20591666
0.24213845
-0.22049281
-0.315593
-0.22177334
-0.11768845
-0.12583615
0.23158012
0.22495133
-0.29956728
-0.047713283
-0.5261017
0.43020552
-0.29314634
-0.0730558
-0.2642787
-0.10805376
-0.06030051
-0.043854788
0.07634705
0.07134714
-0.13690805
0.08827139
0.034841515
-0.022962386
-0.25108713
0.047581933
-0.11485135
0.11306176
0.0029961271
0.39063522
0.0027587665
-0.39025715
-0.039086223
0.3535453
0.2431412
-0.25125614
-0.0110458555
0.0346285
-0.38293257
-0.0150321135
-0.39717418
0.14045872
0.3465957
-0.2201965
-0.11849158
-0.058586814
0.31029436
-0.11185145
-0.11627696
-0.096338145
0.15019098
0.2421145
-0.06370892
-0.4010837
-0.29563427
0.3463178
-0.1635809
-0.15008093
-0.49505445
0.17542197
-0.20663375
0.12812787
-0.16835779
-0.41070497
0.12620068
0.07006603
0.11915403
0.08076966
0.017223211
-0.10423882
-0.28460714
-0.24957712
0.45097974
-0.016862085
-0.088914916
-0.37835905
-0.012958303
0.0056435415
-0.20782909
-0.3338367
-0.0701115
-0.018207544
0.07415471
-0.16601795
0.16271853
0.1298948
-0.5992213
0.00045086682
-0.15784737
-0.085202634
-0.16997749
-0.4592969
0.2295003
-0.3954944
-0.11573529
-0.43764246
0.14645183
-0.2814916
0.3003128
-0.002481351
0.14708768
0.021353528
-0.34782344
-0.040206067
-0.17952621
-0.26828387
0.46197933
-0.23361737
0.159785
-0.09834306
0.034359097
-0.1098137
0.05769978
-0.031820502
0.2566258
-0.3471321
-0.09163203
0.3455165
-0.61966795
-0.3725547
0.14734623
-0.40692237
-0.63673145
-0.61062264
-0.26608193
-0.3391611
-0.41062647
0.029717913
-0.24605997
-0.571727
-0.05693873
-0.08756762
0.16309397
-0.18103494
0.036884733
-0.16459608
-0.1625646
-0.1731695
0.082359806
0.30202085
0.20301569
-0.118885204
-0.33171213
0.08556835
-0.13653347
-0.009797376
-0.03933866
0.132645
-0.26838776
-0.1258288
0.13065585
-0.08388744
0.030582242
0.20164444
-0.1034602
-0.049739767
-0.029485587
0.11424231
-0.12955154
0.1311957
-0.120208606
-0.16349196
0.06080995
-0.13674793
0.05836138
-0.19138692
0.07915545
-0.0104918415
-0.10099542
0.18016073
-0.16128004
0.0005297577
-0.024810916
-0.04444276
-0.006282985
-0.03434195
-0.3310782
-0.116722606
-0.2507202
0.063269764
-0.29560757
-0.11960092
0.026324145
0.04305823
-0.06260764
-0.0053157927
-0.096134424
-0.1061193
-0.115483545
0.13235013
-0.058540616
-0.049709924
-0.14748168
0.20874183
0.10509462
-0.15155195
0.0021567505
-0.2338191
0.07375637
-0.11851281
-0.10800112
0.010230444
-0.1286073
0.022813879
0.041796427
0.033792265
-0.102936484
0.017664319
-0.213811
0.09012928
-0.18362601
-0.003058867
-0.14220405
-0.2604347
0.0502336
0.12084424
0.12283215
0.045778688
0.08630353
-0.00041366165
-0.13005368
0.22161664
-0.09109541
-0.037694957
-0.21802498
0.1599868
-0.049420293
-0.080836676
-0.07795076
-0.020449487
0.048892215
0.24082932
-0.06022144
0.030220725
-0.26187965
-0.021478778
-0.23847514
0.035326216
-0.25442332
0.07581959
-0.45475703
-0.12939705
-0.11098823
-0.10349218
-0.112180345
0.06767794
-0.38930807
0.12923455
0.050783083
-0.24859147
-0.29013062
-0.51029205
0.15998481
-0.19851191
-0.0960584
-0.33736593
0.2746617
-0.04814058
0.06093417
0.080237485
-0.0654095
-0.002844729
-0.36750996
0.2892954
-0.19894417
-0.33511534
0.3545015
-0.054019716
0.005123587
0.011725457
0.19586974
-0.2751664
0.21325243
0.08696093
0.17629588
-0.09608666
-0.20027106
-0.35081604
0.24785338
-0.03537045
0.06632155
0.09790722
0.008628599
0.0842186
-0.19366416
0.16274787
-0.1992783
-0.21860829
-0.035397492
0.06778598
0.17025638
0.026943661
0.11479726
-0.11582454
0.078003034
0.16078055
-0.20114185
-0.08505554
-0.16602138
0.07371438
-0.05099455
0.14973974
-0.21056837
-0.049312316
-0.33956325
-0.13826133
-0.073879786
-0.06542523
-0.04730995
0.062152363
-0.1286162
-0.158466
-0.11097088
-0.19512998
0.30044514
-0.27098393
0.1236666
-0.1209681
-0.017678322
0.17011935
-0.20523709
-0.2075692
0.026921714
0.16324078
-0.078756705
-0.01886549
-0.19306935
-0.2351401
0.0814604
-0.10203369
0.10855828
-0.22961588
0.06890579
0.05834319
-0.021138439
0.15092601
0.09259578
-0.05165321
-0.070668116
-0.1366062
-0.0783955
-0.03221531
-0.24557416
0.22710739
-0.0154932905
-0.18380518
-0.90493006
0.15619747
0.02004401
-0.1609624
-0.22662295
-0.59750605
0.60204905
0.19659507
0.29093465
-0.17286386
-0.16797283
-0.10910431
-0.75461847
0.13893801
-0.14570275
0.01367674
0.1728297
-0.20131561
-0.1834667
-0.118183166
0.118928894
-0.50253665
-0.08987443
-0.031872608
0.27859998
-0.37064952
-0.37068233
-0.1879447
-0.092781015
-0.37791467
-0.05329317
-0.85582393
0.22479518
0.40949953
-0.57233185
-0.29590818
-0.39530593
0.4137368
0.05357375
-0.16639571
-0.28981856
-0.2280367
-0.15343298
-0.102622874
0.081071764
-0.54092354
-0.39740083
-0.19875233
-0.011019057
0.1565444
-0.15476164
0.11293004
0.12907118
-0.0054326155
-0.14223285
-0.031551015
-0.28173617
-0.37609342
-0.03215152
0.047994584
-0.27131334
0.24835464
-0.24160567
-0.1724025
-0.26208454
-0.23155318
0.075240225
-0.10300234
-0.135767
0.16325171
0.032878257
-0.06696804
-0.13370839
0.006033488
-0.023845807
-0.14007017
-0.24645816
-0.62733126
0.2791513
-0.3066239
0.17586783
-0.098318145
0.16577323
0.052123636
0.118508264
-0.13913645
0.12176171
0.0059323143
0.18958703
-0.26868832
-0.024440514
0.25511527
-0.22747749
-0.20009685
0.038628016
-0.26125634
-0.5244589
-0.3602735
0.1328274
-0.60303724
-0.18907121
-0.067885004
0.16316894
-0.36951554
-0.016490802
0.16348897
-0.14086157
-0.039068438
-0.24115272
0.039401587
-0.07303811
-0.442224
0.22569461
0.26124507
0.10633938
-0.13928458
-0.015909212
-0.22629204
0.012850227
-0.1640296
0.18934004
0.11538043
-0.29989994
-0.20982347
-0.119437
-0.17717086
0.06318199
-0.11242374
-0.006516938
0.1325579
-0.1953519
0.09392348
-0.16161433
0.26455948
-0.054463323
0.10497777
-0.17317286
-0.10820218
-0.07093332
-0.085025355
0.22806391
-0.054838844
-0.29461005
0.21750817
-0.1961105
-0.10584893
-0.028373681
-0.096070856
-0.10683557
0.17108297
-0.288062
-0.23524886
0.054957293
0.013848275
-0.14434251
-0.21123412
-0.001561654
-0.022332165
-0.5242942
-0.30636963
0.41615778
-0.13347304
-0.36840218
-0.21419685
-0.18655053
-0.08679581
-0.2378435
-0.40868565
-0.12781985
-0.06118027
0.010876041
-0.075059175
0.2034887
-0.47197434
0.36531878
-0.3122853
0.22569461
-0.17332475
-0.3015681
-0.13243827
-0.5171639
0.019705122
-0.056334645
0.0076171183
-0.6930819
-0.26226887
0.07020846
-0.17021768
-0.40619302
0.25687602
-0.11203615
-0.08043677
-0.7043271
-0.16521882
0.11819458
0.009712468
-0.08834633
-0.253551
0.45758072
0.3972074
0.20718762
0.17452003
-0.06684279
0.00023453911
-0.8758613
0.19102708
0.1512335
-0.35455832
-0.08614192
-0.3720836
-0.062100265
0.02713879
0.22641712
-0.5643859
0.049793486
-0.03113961
0.32115313
-0.16480984
0.1846386
0.22207141
-0.5955637
0.108976096
-0.037032425
-0.29740933
-0.25097278
-0.46975553
0.03501759
-0.2534779
0.23461577
-0.012349577
0.14600275
-0.15788564
-0.10050786
0.19888233
0.070307516
-0.15464419
-0.35375583
0.021079723
0.07950312
-0.6784079
-0.17943487
0.083130166
0.18009132
-0.00910185
-0.24798726
-0.2220791
0.17390612
0.0076317284
0.41793188
-0.24120155
0.048907142
0.10126594
-0.106962375
-0.101362236
0.14295666
-0.2142167
-0.37385654
-0.27913892
-0.13237035
-0.2749454
-0.19969657
-0.2159333
0.04005885
-0.37270415
0.03809067
-0.10897887
-0.12728746
0.14492235
0.14801952
-0.02849618
-0.23840438
0.084760144
0.01156817
0.069650754
-0.075022645
-0.030680293
-0.062508605
0.108477674
0.07855996
0.13783838
0.12229358
0.17158328
0.048981436
-0.5195579
0.10190841
0.09954209
0.24377713
-0.014010598
-0.18182915
-0.19437839
-0.35216948
0.10197313
-0.12035143
-0.15146567
-0.20058912
-0.17541064
-0.004656977
-0.17698343
-0.059651386
-0.0065531065
0.27859953
0.099699326
0.34538522
0.15592627
-0.44389606
0.06972134
-0.32566157
-0.051613122
-0.27317017
0.1797137
-0.19783886
-0.054475754
-0.45828328
0.31633416
-0.09851432
0.037229132
-0.08510115
0.07420718
-0.03576517
0.12346467
-0.024622096
0.002784661
0.02587488
0.08894017
0.14006144
-0.18462953
-0.09394781
0.13743569
-0.116762556
-0.013542038
-0.12897336
-0.10313478
0.011075049
-0.007723396
0.104665354
0.11462402
0.12135689
-0.09905932
-0.074885234
0.028247785
-0.20442282
-0.21679395
-0.20230588
0.029719442
-0.14541963
0.07836638
0.06342018
-0.124060884
-0.02383058
0.07766338
0.058336824
-0.015740622
0.099291846
0.18519485
0.1815645
0.121324226
-0.075331055
0.03863648
0.29866016
0.36801574
0.06467842
0.071530245
-0.15266797
-0.07377871
-0.19836333
0.16708572
0.23307674
-0.010107527
-0.11950845
-0.25209427
0.091266744
0.079453506
-0.11110859
-0.1896322
-0.31272742
-0.0139636295
0.2027744
-0.31079236
0.017567653
0.07971507
0.103277944
0.12000481
-0.049560353
0.030094014
-0.050668757
0.09145684
0.18836239
0.21076877
-0.036689613
-0.05278014
0.1018881
0.18945864
0.05104969
0.03488447
-0.023900231
-0.002131679
-0.076999545
0.07087033
0.09714336
0.030951288
-0.06914741
-0.18094155
-0.010547907
-0.12117203
-0.1472584
-0.054128066
-0.17122307
-0.12554865
0.072030194
-0.13310787
0.02851621
-0.17903678
0.026841713
-0.06197912
0.27411145
-0.14645244
-0.29613516
-0.49649858
-0.01472943
-0.15450487
0.12675005
0.04016815
0.11343113
-0.5181363
0.09859732
-0.033353463
0.016523212
-0.054393437
0.033031967
0.25237706
-0.20527141
-0.027709413
-0.26476663
0.026793659
-0.082808085
0.044936843
0.17110752
0.11034115
0.038376585
0.009135962
-0.036042664
0.23646607
-0.03442867
-0.12868048
0.12769331
0.13159862
-0.17588913
-0.057706214
-0.033697817
-0.13691859
0.16889624
-0.08166172
0.10146395
-0.066907324
0.033336375
0.18425667
-0.022708869
-0.08213435
-0.106728986
0.115024105
-0.23632482
-0.09492642
-0.06674899
-0.08397604
0.051185153
-0.15550566
-0.14688443
0.025619717
-0.13949952
-0.22669758
-0.17858098
-0.06839072
0.07168766
0.08380037
0.16738984
0.31041783
-0.048468843
-0.44793248
0.051926125
-0.3604048
0.11103414
-0.030062221
0.041265223
-0.22536951
-0.19473237
0.20406827
-0.36749488
-0.3174599
0.013724306
0.05084258
0.02131469
-0.10107789
0.06051166
-0.24309513
-0.27601525
-0.023589827
0.1663829
0.14421234
0.15554552
0.008750735
0.16079439
0.26493844
0.006307186
0.011656278
-0.049675252
0.05176902
-0.038913943
-0.09890931
-0.20609887
0.21044107
0.22947234
-0.17248623
-0.516314
0.0780128
0.06494712
-0.1896965
0.13414909
-0.092855945
0.3911516
-0.066152066
-0.03108296
-0.033748228
-0.03998436
-0.028351564
-0.4261907
0.41506577
-0.2766662
-0.26411772
-0.4832186
-0.09338013
0.08301075
-0.17885403
0.10096547
-0.5460262
0.021505674
-0.13852562
0.48617613
-0.0012205527
-0.15821713
0.04745148
-0.3249725
-0.091269895
0.18826625
-0.17309128
0.32033864
0.82588917
-0.09438524
0.30278608
-0.26262274
0.22781175
-0.18719271
0.53251845
-0.04942756
-0.08068356
-0.017380346
-0.012923175
0.22277157
-0.10769984
0.015031865
-0.037399862
0.30175206
-0.053299382
-0.31551746
0.039314132
0.03141629
0.14128609
-0.24245198
0.068173364
-0.6667222
-0.0022458998
-0.025184186
0.07088608
-0.35975778
-0.21352778
0.117427155
-0.17766027
0.074805714
-0.20505649
-0.08559496
-0.31264207
0.12534498
0.41111064
0.08058293
-0.4549981
-0.044913087
0.025358953
0.030673513
0.03753429
0.2025159
-0.25218025
-0.24248858
-0.023764875
-0.022979436
0.22403635
0.44239926
-0.049868703
0.073503986
0.5479559
0.1477876
0.12598433
0.12908043
0.23498279
-0.039343935
-0.4130741
0.20652054
-0.03393317
0.20235461
0.08707436
-0.39145347
-0.2323905
-0.36523816
-0.20012191
0.011170231
-0.14126383
-0.4048814
-0.31135708
0.032090303
-0.09187139
0.00074853643
-0.100274265
-0.041783143
0.18928733
-0.010396188
0.02078927
-0.37886703
0.018475808
-0.18183488
0.10486426
0.027762003
0.17936328
0.024356116
0.0069780406
-0.16424198
0.23478672
-0.19737092
-0.09229675
-0.0007654172
-0.099979214
-0.047205605
0.095969245
0.18885049
0.2588338
-0.019462388
0.1288416
-0.23070027
-0.022214327
0.016166227
0.13233083
0.12334513
-0.086870424
-0.135617
8.3603976e-05
0.0874659
0.036376536
0.0635916
0.060879976
0.012535719
-0.06547056
-0.23616865
0.008912362
-0.14204508
0.13426937
-0.25573233
0.14039434
-0.1403496
-0.075709805
0.14504622
0.36817747
-0.4592754
-0.41749662
-0.123056464
-0.7853452
0.07485319
-0.05511614
0.028767297
-0.38910183
-0.018301984
-0.01184475
-0.41919354
-0.5839045
0.1957018
-0.20811686
-0.039397202
-0.068893716
-0.18156703
-0.7985238
0.22148532
-0.44919825
0.503205
-0.12225377
0.15892611
-0.11163814
0.115807936
-0.41867113
-0.050109494
0.04852151
-0.4422418
-0.355566
0.072501495
-0.07897947
-0.37764674
0.28916225
0.1229729
-0.030436207
-0.30245194
-0.37340513
0.26571262
-0.38337716
0.15119395
0.012713177
0.37643123
-0.2879387
-0.16442226
0.11457754
-0.09503164
-0.16808245
-0.35590175
-0.0184681
-0.4539677
-0.49390316
-0.43012682
0.114725284
0.031682864
-0.20430143
0.068905436
-0.14405046
0.021460824
-0.084461644
0.62073964
-0.2840837
-0.4197911
-0.35316038
0.20320095
-0.29186952
0.0096594
-0.0488163
0.089277364
-0.012195753
-0.3849595
0.13577378
0.065355524
0.13616294
-0.14226075
-0.23769033
-0.56087023
-0.36653933
-0.1184191
-0.12981498
0.11074421
-0.06054483
-0.19052163
0.13013695
-0.17085324
0.08835078
0.17508592
-0.06375915
0.038676195
0.35168618
-0.07432199
0.06854619
0.02039502
0.27550662
-0.06850022
0.29189608
0.06884607
0.007506411
-0.0633741
0.37121987
-0.26623484
-0.031012379
-0.014416869
0.17353755
0.098202445
-0.3639961
-0.12959868
0.31800017
-0.01554282
0.07095706
0.046012625
0.1371799
-0.42354837
0.31933373
0.012200537
0.049094334
0.085469835
-0.22703783
-0.0142877875
-0.026280325
0.073408104
-0.1906985
0.0973118
-0.1520299
0.13385585
-0.066098735
0.30684254
0.34177434
-0.36049768
0.46861807
0.027915819
0.08401615
-0.38993353
-0.23022692
-0.27908266
-0.050102424
-0.017544184
-0.27253172
-0.680927
0.11155609
-0.03613871
0.07759638
0.18210526
-0.08246734
-0.18055809
0.20413724
0.48581785
-0.26876524
-0.34129098
0.39259645
-0.22021839
-0.13116899
-0.45734936
-0.37387323
-0.03012048
0.12701148
-0.12504199
-0.19528764
0.22462898
0.07343128
0.15785794
0.16183427
0.1531007
0.001522663
0.07209658
0.029314581
-0.13483106
-0.0898173
0.034059357
0.07639385
0.027560448
-0.13473286
0.23610923
0.11883215
-0.09364358
0.08475367
0.16980718
-0.0899142
0.15859218
0.08367196
-0.15304185
0.06578755
-0.071260594
0.0067474497
0.017083451
0.077483326
-0.099554636
-0.077354275
0.04448677
-0.08281756
0.05450226
-0.082551874
-0.22221515
0.39748782
-0.0894174
0.008448341
-0.114939295
-0.041311324
-0.19811685
-0.1535056
-0.050179318
-0.11409158
0.12457712
-0.04099885
0.101190306
-0.15730481
-0.053256255
0.120680965
-0.15507051
-0.029741814
0.2049327
-0.03072461
-0.040405035
-0.03530441
0.23731397
-0.04769114
0.0057504363
-0.038564667
0.011143101
-0.14749415
-0.058605142
-0.020743834
-0.10162114
0.04826518
0.16229111
0.2544386
0.0781026
-0.052955557
-0.02593156
-0.09858921
0.003109202
-0.1742324
-0.21341208
0.08020218
0.19461104
-0.13144462
0.1473274
-0.1366666
0.1537707
-0.11702687
0.08126917
-0.14051156
0.011303731
-0.0745525
-0.16123852
-0.004055188
0.06748113
0.08707188
0.12928542
-0.016681783
0.029151201
0.0336459
-0.034185003
-0.04765045
0.022859164
0.34741595
0.013153638
-0.100351274
0.14409201
0.05316944
-0.28174865
0.03482828
-0.14476259
-0.014149252
0.0524936
-0.29300064
-0.29031485
0.21804091
-0.087072074
0.13796122
-0.051117595
-0.058580376
-0.2120501
0.50968236
0.07406719
0.24216276
0.07639615
-0.03947306
-0.13138136
-0.19736387
0.07407934
-0.116156064
0.12224008
0.078701556
0.051758006
0.3024935
0.08151661
0.12621216
0.052909795
0.20941551
-0.08057843
-0.03487882
0.15289447
0.10148135
-0.06881352
-0.15076503
-0.030586613
-0.04269127
0.03854987
-0.06124862
0.13126889
-0.07369918
-0.06944061
-0.07505954
0.08335814
-0.07880774
0.16112931
-0.18028232
0.052796915
-0.033790793
0.09359057
-0.017352264
-0.01716819
-0.038043004
-0.08602027
0.10923325
0.0017245607
-0.14590526
0.069212034
-0.13648231
0.13804801
-0.13366124
-0.16187912
0.32153958
0.4107823
-0.060708754
0.18509117
0.32001016
0.12258626
-0.3372798
-0.048862603
0.49885154
0.15104721
0.11080452
-0.028196711
-0.015739866
-0.12598993
0.3163398
0.08505746
0.31361055
0.5650755
-0.1421972
0.015377172
0.007748103
0.079879
-0.25905603
0.15613155
-0.013250635
0.077380925
0.025512267
-0.14044012
0.2636761
0.056549896
-0.25959665
0.1978304
-0.10034448
-0.18548986
-0.16921291
-0.40042657
-0.24847792
0.045815073
-0.008268596
0.28066003
-0.24738729
-0.4483518
-0.14390263
-0.06564037
0.030930601
-0.2850068
0.10422237
-0.14792186
0.1284817
-0.27507174
-0.28736618
0.22699478
0.07948912
0.066378556
0.02812438
-0.18933448
-0.002546361
-0.054858584
0.2645068
0.10132953
0.0021869086
-0.10921458
0.30268618
-0.1374002
0.10882417
0.20673595
0.15939571
0.13862585
-0.0026821503
-0.060498577
-0.4451794
0.6326255
0.35013682
0.7231321
0.05526706
-0.014899448
0.08203659
-0.4723739
0.21692407
0.13654825
0.13454555
0.35273957
-0.65674365
-0.104353935
-0.10482188
-0.080384895
-0.3282059
0.005485542
-0.059522856
0.35820517
-0.012221162
-0.026895056
-0.042715702
0.07422881
-0.28333822
-0.07874386
0.4191497
0.1648572
0.24334365
0.19595076
0.5246606
0.13732436
-0.49752972
-0.11675111
0.3306789
0.16761376
0.13999456
0.07657574
-0.13485268
-0.09774897
0.17680116
-0.32457644
0.34286767
0.049805198
-0.14190403
-0.0236713
0.04273745
0.37123594
0.1537662
0.2065023
-0.02504596
0.07271393
0.45443544
0.14985074
0.1802472
-0.075516514
-0.076350115
0.2104405
0.15149383
0.031708766
-0.055900887
-0.10364081
-0.105380245
0.057226945
0.05217977
-0.27251676
-0.12339511
-0.07960507
-0.022024546
-0.04233617
-0.05556469
-0.20652083
0.2026724
0.23286092
0.009192349
-0.12256977
0.15741691
-0.13664317
-0.049042445
-0.4058587
-0.14742498
-0.08467511
-0.0010500039
-0.1359879
-0.10510124
0.059509404
-0.030618224
0.13493511
0.15525898
-0.10066424
-0.05190985
0.18848075
-0.013748517
0.059494875
-0.041547883
0.10377197
-0.032514513
0.1352607
-0.06994519
0.3040092
0.023717253
-0.014876282
-0.057339445
0.014522661
-0.13870758
0.20085637
-0.16413718
-0.09924387
-0.072639726
-0.10873768
0.03243702
0.052727245
-0.20806174
0.03331524
-0.08730027
0.061457522
-0.25611144
-0.26276022
-0.3313986
0.0062082144
-0.3677395
0.015967583
-0.060311623
0.44375417
-0.087294765
-0.06474705
0.09206758
-0.13134511
0.098611176
0.22004123
-0.027386576
-0.16146462
-0.1780228
-0.05276312
-0.01584102
0.12667735
-0.118521295
-0.25557566
-0.18988353
0.49455196
0.093417615
-0.30730858
0.10473152
-0.15284397
-0.18948683
0.08707331
-0.04510387
-0.11326724
0.018053915
0.009562998
-0.07088646
0.21612215
-0.42855892
0.14283343
-0.070207104
-0.029244894
0.13941337
-0.33353296
-0.016140355
0.084036104
-0.048611734
0.118997075
-0.030533241
-0.6279638
-0.07616331
-0.14355013
0.1265814
-0.17491803
0.23551726
-0.10375756
0.2747349
-0.35330918
-0.19790038
0.33368647
0.0033818171
0.17885882
0.06024839
-0.25119412
-0.17215636
0.08888681
0.3383291
-0.2406341
0.19600315
-0.009640878
0.10042081
-0.4128041
-0.28890365
-0.08831841
0.024968646
-0.33660987
0.1105546
-0.16720627
-0.14296515
-0.34395203
-0.049152248
-0.062064387
-0.04688485
-0.17064118
-0.20559512
-0.022560963
-0.28046513
0.13658679
-0.024291392
-0.038417086
-0.17913505
-0.18200131
-0.15127549
-0.19575581
0.3073863
-0.3926931
0.10645931
-0.3342054
-0.046016663
0.084681146
0.064058244
-0.25867748
0.057212938
0.2955472
0.2641885
-0.7759746
0.038604684
-0.03897116
-0.066625215
0.17307048
-0.23471998
-0.006459305
0.37032843
0.013090638
-0.10123361
-0.1378657
-0.018595202
-0.32078043
0.41360512
-0.03522041
-0.074560165
-0.56784797
-0.116386004
-0.22723688
0.07085865
-0.26059383
-0.49613318
0.097852215
-0.08245037
0.18392493
-0.028987156
-0.08659135
-0.30454144
-0.15403132
0.19240461
0.16564061
0.103583
-0.136181
-0.5955892
-0.66190046
-0.39889917
-0.27723572
0.13081992
-0.7734261
-0.4099614
-0.47431085
-0.32801116
-0.10878158
-0.07923069
-0.0043271794
-0.42160386
-0.19554855
-0.20833735
-0.56074136
0.11768971
0.113874875
-0.12006105
-0.61501056
-0.45052472
-0.11352228
-0.035647947
-0.34091318
0.028452298
-0.06421349
-0.0478898
0.12764224
-0.10498932
0.01299998
-0.1490337
0.28916574
-0.0801818
-0.047546946
-0.06624451
-0.2808003
0.062443912
-0.00237465
-0.17927876
-0.15622678
0.04598168
0.10536356
-0.20374729
0.102424115
0.120387
-0.023617445
0.019782132
0.18611743
-0.045829147
-0.09805377
-0.05783133
-0.082957335
-0.081490114
-0.050607845
-0.032947842
-0.09759928
0.11555393
-0.19355653
-0.0230934
0.038852435
0.09929891
-0.042686988
-0.17017983
-0.11801252
-0.16817561
0.13081786
0.026641537
-0.1695584
-0.07475357
0.33858803
-0.078492485
0.055062883
-0.088911735
-0.06770444
-0.22604716
-0.0862339
-0.1402746
-0.2478778
-0.04256912
0.020824073
0.06662909
0.21889538
-0.06943781
0.11076077
0.28254968
-0.07915865
-0.12330843
0.15470903
0.14804113
-0.13739282
-0.117457606
-0.06400183
-0.2969895
-0.11786505
-0.1636207
0.13635871
0.025825683
0.06449609
-0.119260415
-0.11466377
0.101778865
0.055336114
-0.29705366
-0.19953036
-0.19325556
0.04685549
-0.17902526
0.15888183
-0.17389873
0.06544695
0.0043238737
0.30931294
-0.049529538
-0.11132019
-0.005684956
-0.0051796287
0.26938665
-0.11771073
0.14142998
-0.059386622
0.23372689
0.10744753
-0.04132359
-0.109307855
-0.07582692
0.14199412
0.29435912
-0.58161163
0.08344016
-0.035281517
-0.20354894
0.029937727
-0.16044241
-0.09758343
-0.02321021
0.017828627
0.06360446
0.1517613
-0.039885744
-0.10544608
0.49964568
0.07095464
0.11399809
-0.6715896
0.0029515703
-0.25769183
-0.18098082
-0.16668722
-0.45419422
-0.07566439
-0.10449294
-0.25827047
0.08961121
-0.22503486
-0.16305943
-0.02438333
-0.13934147
0.1324626
-0.13396104
0.19259357
0.0033799743
0.11935621
-0.0011489419
-0.13815063
0.073087595
0.27833807
0.08761301
-0.10674596
0.11315997
-0.03141311
-0.17272635
0.08991907
-0.07564663
-0.15013379
0.07439549
0.056614492
0.047493964
-0.052458547
-0.1855982
-0.01940202
0.17186517
-0.21861438
0.022119772
-0.019375794
-0.12277393
0.16151126
0.32726374
-0.17642944
0.10166739
-0.0050006965
0.13853416
-0.08039983
-0.3490574
0.102547914
-0.070633665
-0.059880584
-0.3833056
0.17371324
0.24381809
0.07824981
0.06626363
0.029813811
-0.07254753
-0.30058715
0.35091335
0.14103068
-0.1381041
0.44001886
-0.01568958
0.0025336347
-0.034707904
0.033021376
-0.19724546
0.10078831
-0.09939059
0.34731463
-0.073669195
-0.24795271
-0.17898834
0.065383814
0.002975296
0.11068974
0.19907054
-0.08928143
0.31878653
-0.39715832
-0.028765935
0.11529408
-0.009929388
0.15395053
-0.12168512
-0.16999282
0.14147365
-0.034069445
-0.16286904
-0.17410141
0.49342355
-0.25090635
0.108808674
-0.39242288
-0.13115175
0.042170174
-0.11927071
-0.022747025
0.13115256
-0.24397463
0.015423926
-0.009176896
0.060323138
0.19062687
0.05852976
-0.5033869
0.3416349
-0.34555337
-0.23901662
0.020863159
-0.34886506
0.239048
-0.56743735
-0.12598263
-0.22677459
1.0509515
-0.39003432
0.28690648
0.013851877
0.012378396
-0.077409066
-0.49993077
0.4092904
-0.30802384
-0.5563862
0.18153217
-0.27849934
0.21069033
-0.13666813
0.43167925
-0.0911781
0.082922705
-0.031907346
0.539205
-0.23262993
0.007408545
0.265004
-0.27867955
0.21365732
-0.06871276
-0.013258134
-0.43242082
-0.05411334
0.0842951
0.089085
0.09327118
-0.45913002
-0.045324873
0.3796132
0.3765915
0.2262415
-0.14310257
0.040299952
-0.39960828
0.33183128
0.27655888
0.1299949
-0.14554961
-0.40062723
-0.10740374
-0.045315232
0.14796296
-0.21961527
0.17011262
-0.11362814
-0.060350172
0.03041294
-0.079129875
-0.079112135
-0.20552672
0.0007706384
0.23026665
0.11494571
0.027019277
0.079468705
-0.3135786
-0.19464311
-0.14597619
0.14104737
-0.5595848
-0.3246895
-0.2145307
0.06541509
-0.025340717
-0.17743786
0.16214286
0.082878
0.10063838
-0.13955313
-0.5630378
-0.02902161
-0.24472363
0.02503232
-0.49823764
-0.36543635
-0.052636787
-0.04158818
-0.3333192
-0.13233009
0.009274233
-0.06786824
0.06327571
-0.027045568
-0.028131016
0.013493993
0.29306355
0.029155083
-0.0588968
-0.11892912
-0.1964715
0.07818134
0.2030912
-0.37788525
-0.10271604
-0.060319632
0.067817174
0.01762207
0.07920016
-0.027117299
-0.2654498
0.024848271
0.08719837
0.13843293
0.24055761
0.015074246
-0.043603998
0.19519436
-0.03646709
-0.17372765
0.10845042
0.21769606
-0.061137676
0.48711044
-0.13733883
-0.15977037
-0.14807262
-0.21029949
0.28751016
-0.46129742
-0.09717359
-0.26263845
0.00029295852
-0.43056792
0.30603737
-0.42788124
0.16469038
-0.0542946
-0.182947
0.08452314
-0.018593222
-0.16164216
0.46078044
-0.64092624
0.55134475
-0.27907813
-0.19323523
-0.03601284
-0.072434075
-0.24979368
-0.19443688
-0.09403505
0.32091746
-0.2426439
-0.07433801
-0.09572017
-0.16978258
0.09756572
0.03109268
0.17856625
-0.34168705
0.3841527
-0.35299122
0.08601503
0.10810203
-0.1481146
-0.025236784
0.21057911
-0.0057530114
0.027314102
0.02835678
-0.12974517
-0.11592854
0.3199951
0.07662423
0.31516454
-0.66395086
-0.14796618
-0.12957485
-0.25548416
-0.029700177
0.20464498
-0.13050014
-0.02814857
-0.22396672
0.107819915
0.103218056
0.2685322
-0.3137907
-0.078666195
0.04806361
0.2116477
-0.100690305
0.1823542
0.10375331
0.12761272
0.14399366
0.017521562
-0.3321273
0.3235782
-0.07181427
0.044660795
0.011625478
0.055356767
-0.3337091
-0.15289369
0.16028021
0.05031417
-0.36775348
-0.22939284
0.1350653
-0.02333499
-0.2172207
-0.106824
-0.27576745
-0.018282909
-0.32057115
-0.39782315
0.065927535
-0.31250918
0.35462764
0.15591058
0.2019631
0.32614827
-0.43112135
-0.07798214
0.0047934656
-0.2800624
-0.1061655
0.14381908
0.20502606
0.02689319
-0.15489799
0.071644545
-0.09167036
0.05075534
0.11792595
0.41134894
0.09657539
0.12278939
-0.7075925
0.21543603
0.011745551
-0.077992335
-0.14636461
-0.3691876
0.13087398
-0.08829014
0.22368588
0.21990205
-0.099863164
-0.28334492
0.3231854
-0.28322202
0.22793226
-0.2279385
-0.074896745
-0.39569187
-0.20091462
-0.14026289
-0.14614525
0.1997559
-0.17753778
-0.5148853
-0.0962349
-0.2533101
-0.012948468
-0.016367288
0.32080027
-0.24635918
0.28285053
0.095307626
0.17024544
0.48239487
0.054430887
-0.073081926
-0.36764786
0.1968777
-0.3462744
0.114807956
-0.1086414
0.028885584
0.14426017
-0.05461904
-0.016878894
0.014568492
-0.17259455
-0.0959557
0.27560532
0.053752072
0.023543447
0.23975928
-0.090944834
0.0070448965
0.03954989
0.1021872
-0.10355475
0.06189488
-0.1431216
0.0062948354
0.07373799
-0.14210242
0.16563672
0.03471939
0.27528912
-0.046832755
-0.20511487
0.06795145
0.18494985
0.03115998
-0.12253764
-0.12544607
0.036844663
0.108351074
0.06815869
0.098252214
-0.18860428
-0.063968144
0.02153122
-0.09692968
0.017735578
0.10033077
-0.14373349
0.23910305
-0.22876385
0.008041747
-0.17044659
0.12953463
-0.017887972
-0.12477318
0.0027236105
0.10083436
0.03801897
-0.29335362
0.22702014
0.047516324
0.051583108
0.0016226948
-0.0073240297
-0.048821464
-0.17536251
0.30678147
0.019290047
0.020711303
-0.20958808
-0.009069055
0.038406566
0.2920538
-0.061113037
0.07474934
-0.23109485
0.023500407
0.12798601
0.16404042
0.09329892
0.20263408
-0.14812067
-0.04923641
-0.06949225
0.08940849
-0.106119834
0.10619424
-0.002042689
0.141369
0.027186206
-0.16828719
0.083254315
-0.005934391
0.28321642
-0.0418577
0.15806611
0.08435309
0.12273485
0.05060647
-0.26124197
-0.028150301
-0.1232794
-0.050263252
-0.004552901
-0.186122
0.21453518
0.18765958
0.26104125
0.44617283
-0.5398352
0.22921443
0.069544576
-0.14591205
0.015413535
0.1885686
0.045651276
0.0045290547
0.002640062
-0.020959683
-0.093752384
-0.2007729
-0.06592771
0.36057347
-0.019813355
0.06810142
-0.37573415
0.06996806
0.1462189
-0.18470883
-0.28686973
-0.03918572
-0.114269346
0.011696911
0.07759794
-0.024982966
-0.12153624
0.28362808
0.16059297
-0.030159807
-0.08244803
0.049256857
0.25780255
0.14304607
-0.07221411
0.15246575
0.029981416
-0.12890145
-0.06003934
0.26476136
0.11550369
0.07972724
0.124670625
0.11995054
0.09389317
-0.2546918
0.12431842
0.09032525
0.0089314645
0.01695376
-0.084846355
-0.10616298
0.13230148
0.143185
-0.3173499
-0.17340586
-0.16334412
0.03623067
0.18475042
0.17926183
0.05901741
0.24311529
0.19040968
0.17773238
-0.1353465
-0.36622974
-0.075386636
-0.28189772
0.05017769
0.21062924
-0.15445502
0.089287736
0.20547223
0.115480706
0.02168744
0.0013474362
0.124325715
0.34469348
-0.10820267
0.27814665
-0.29671627
-0.031355597
0.057158962
-0.1026395
0.32157397
0.054946575
0.1312137
0.1169533
0.08356277
0.23307139
-0.0053375917
-0.06672104
-0.03197283
0.28574812
0.14179766
0.3650817
-0.044262037
0.4558507
-0.05506911
0.1299814
0.11192193
0.04274301
0.06266251
0.35834733
0.22211252
-0.17736885
-0.122724175
-0.073430486
0.024591237
0.3188191
0.046495162
0.16785014
-0.46172184
-0.19774023
-0.3173849
-0.007622988
-0.3255647
-0.065606564
-0.28328666
-0.008660222
-0.3643169
-0.26138186
0.11823028
-0.027506264
-0.1905698
-0.14781879
0.08313409
-0.12567161
0.0032089846
-0.16114406
0.02952489
-0.010653905
-0.1216804
-0.038153846
0.831523
-0.086679585
-0.013051021
0.021942556
-0.010266172
0.01847262
0.09216537
0.4517924
-0.026096908
-0.23314169
-0.10436021
0.25511858
0.17334722
-0.049853496
0.059850316
0.7559078
0.13746615
0.06604134
0.7891689
0.09971025
0.17027265
0.16929463
-0.23792674
0.3920621
0.13926421
0.4148673
-0.4271387
-0.13903083
0.1143547
0.0007942491
0.09511021
0.13618845
0.17895542
0.11658579
0.17298007
0.34044883
0.07052999
-0.034702174
-0.06595705
0.61633205
-0.123510785
-0.047654353
-0.5189691
0.061342075
0.366199
-0.18363528
0.22237097
0.3065094
0.17709939
-0.055563513
0.41790065
0.20741175
-0.087027684
-0.11976747
0.27056736
-0.08955572
0.19165139
0.2952656
-0.12854668
-0.15838173
-0.08354745
-0.14999421
0.10123861
0.16144757
-0.06956367
-0.08357425
-0.068136685
-0.056200217
0.028731555
0.03469896
0.25835982
-0.051095556
0.010338755
0.06929457
0.100929916
0.01999472
-0.1508875
-0.06896951
-0.14672002
-0.19935262
-0.1949669
-0.04606974
-0.017470615
-0.020519417
0.12526034
0.23039536
-0.006314969
-0.15857978
-0.12455738
-0.21291094
0.12528278
-0.2188977
0.105233155
0.004362892
-0.2680546
0.052814484
0.08177497
-0.122728616
-0.07361171
-0.0590385
-0.039876077
-0.019580511
0.10604388
-0.16697153
0.16412249
-0.07322064
0.117090225
0.15693921
-0.07104849
0.0014158902
-0.06821115
0.30631408
-0.20803478
0.08446127
0.044355657
0.05612084
0.168744
0.21094765
-0.70561415
-0.2302143
0.38818046
-0.08401178
-0.2719309
-0.8659719
0.10987295
-0.20120032
0.0056481073
-0.43424353
-0.025894467
-0.36492473
0.16957763
0.05205885
0.072148025
0.16509303
-0.45667294
0.3418694
0.49099234
-0.44824415
0.27135274
0.112814695
0.02046899
-0.105042875
0.27330297
-0.4516534
-0.12284068
0.0025364796
-0.012681099
0.025142258
0.14105563
-0.08151685
-0.21578139
0.23652574
0.07955332
0.39583257
-0.13434921
0.4921613
0.14179242
0.19139767
0.1638825
0.19872527
0.30521974
0.64437103
-0.00034700247
0.19763882
-0.09522806
0.117763445
-0.12705688
0.3278022
0.027585883
0.18668948
-0.4849581
-0.29547748
0.25634164
0.021151422
-0.2158892
0.0075337617
-0.04239284
0.024389282
0.03852792
-0.18056257
