-0.040034004
-0.09031356
0.06882483
-0.05413529
0.0642489
-0.013583068
-0.02828639
-0.114451505
-0.013723782
-0.051594213
-0.014323006
0.09240445
0.082061395
-0.0880766
0.021518094
0.09748621
-0.059507202
0.02661463
-0.054901578
0.029973386
-0.07771294
-0.014331186
-0.031500038
0.13321844
-0.031658128
-0.083769225
0.02440485
0.06791138
0.0005834723
-0.021575673
-0.0040715397
-0.025495015
-0.1199081
0.0009053716
-0.09058607
-0.034465175
-0.014097325
0.08311376
-0.13696745
0.04505394
0.046285506
-0.05523846
-0.047480587
-0.124019325
0.024775503
0.17355314
-0.08811592
0.019191975
-0.04515458
0.05422828
0.17132613
0.1360217
0.059828255
-0.0482442
-0.035821754
0.11510216
-0.17706515
-0.14892812
-0.08097124
0.041150704
0.100742124
-0.009580028
-0.042682584
0.112699166
0.06114052
-0.18384583
-0.09190696
0.17099267
-0.032587655
0.09647192
0.18110758
-0.20170383
-0.112878315
0.06508865
-0.058502614
0.087024406
0.0877009
0.043750856
0.061738662
-0.07487964
-0.008267506
-0.057710577
-0.030371256
-0.035517994
-0.02536728
-0.08999026
0.12885246
0.15855874
0.06671526
-0.069465786
0.0730373
0.040149447
0.0034734455
0.067704186
-0.01094281
-0.1582667
-0.0019152204
0.08700803
-0.05346206
0.02272136
0.02890972
0.02584763
-0.035394527
0.07326276
0.084447645
0.054176725
0.051763594
0.05116768
0.019092642
0.048512604
0.09831592
0.18732382
-0.06361843
0.01595651
-0.05083475
0.03815574
-0.07153232
-0.075582065
0.15144895
-0.08687134
-0.030609187
0.06796236
-0.067839056
-0.051143255
-0.0051791645
-0.13967896
0.18456496
0.073890604
-0.069157325
-0.40713847
-0.22677855
-0.21178827
0.11596349
-0.37943056
0.13953356
0.24924834
-0.44566685
-0.36626
-0.46192193
-0.16901354
0.1721831
-0.3430843
0.17295803
-0.29522133
-0.3664642
-0.21707344
-0.49128938
0.20633017
-0.011823064
0.16662528
-0.27894706
-0.29432762
0.044712923
-0.09354136
0.18898822
0.14743176
0.2063648
-0.028169366
-0.35950273
-0.13634579
0.040194135
0.22965601
-0.27786836
0.084177546
-0.15433589
0.23423526
-0.4785109
0.18633488
-0.453304
-0.059425127
0.22207552
0.20444746
-0.09252082
-0.011797005
-0.059175275
0.0313355
0.008143602
-0.091728516
-0.12821162
0.12927753
0.006103611
-0.0328765
-0.014646963
0.024274476
0.01845989
-0.09865828
-0.0809614
-0.018396245
0.018218903
-0.13590895
-0.23105252
-0.016714498
-0.071611926
-0.19374071
-0.098298855
0.0041146465
-0.086717
-0.17119247
-0.118660025
-0.23272105
-0.106272675
-0.05635817
0.008619616
-0.12093752
0.05557516
-0.049996153
-0.21978427
-0.12366661
0.06275549
-0.09896752
-0.06837191
0.023196997
-0.0780885
0.003475882
0.06883302
-0.08063685
-0.008743554
-0.067466654
0.013456836
0.13167499
-0.17586978
-0.00014718215
0.1258237
-0.053201295
-0.05012275
0.011001263
0.06275443
-0.10979614
0.045261562
-0.08551553
-0.018383544
-0.00873932
-0.06881235
-0.021701865
-0.07540395
-0.012562491
0.13611539
-0.10705394
-0.110453844
-0.023111645
-0.049199324
0.03568476
-0.083162926
0.0069447733
-0.013226127
-0.107048154
0.04555528
-0.05098439
0.001997383
-0.02395484
0.0822623
-0.1154097
-0.17554241
-0.072696455
-0.19203804
0.14927092
0.18500905
-0.02178458
0.06200264
-0.028176667
-0.22082208
-0.07173015
-0.008713
0.16521825
-0.07030609
-0.03262581
-0.17103691
-0.022590611
-0.0043602735
-0.084079996
-0.12202291
-0.14672254
-0.031125726
-0.033096682
-0.005704266
-0.015044934
0.023298275
-0.024732582
-0.08077214
-0.029389823
-0.0753671
-0.0916815
-0.15762104
0.0867139
-0.099732585
0.035390448
-0.05817066
0.09110151
0.013577136
0.07433225
0.0014948044
-0.10654628
0.028975371
0.08460265
-0.13789053
-0.097655006
0.07897972
0.08903115
-0.042025436
-0.0004502649
0.041904397
-0.029341115
-0.040845335
-0.00289938
-0.13429558
-0.04813129
0.047905862
-0.051755223
0.011079296
-0.060176644
0.014549276
-0.08176007
-0.009948451
0.026733192
-0.11296089
-0.14573166
0.15507984
0.109598726
0.12699895
-0.038351834
0.003245079
-0.1038409
-0.03449363
-0.2205049
0.009091452
0.057006408
0.054401338
-0.1436036
-0.019926205
-0.13451217
-0.00406444
-0.0019019988
-0.01637551
0.07948211
0.06436654
0.047592066
-0.01374435
-0.007241917
-0.0653247
-0.16684823
0.111360416
-0.06469604
-0.015126597
0.05978704
-0.07324022
0.021268994
0.009421546
0.080846176
-0.12783518
-0.14742623
-0.020502226
0.04131339
-0.03453233
-0.030979928
-0.07140024
0.053803414
0.15359087
-0.023610739
0.1099659
0.12404317
0.036452286
0.113818556
-0.013732864
0.05719414
0.0076003685
0.078885294
0.017886369
-0.10681126
-0.18614602
0.02128357
-0.06772514
-0.12212515
0.07806902
-0.08086414
-0.05007516
0.02787707
-0.008750156
0.10636074
-0.0015550305
0.11484766
0.06790102
-0.07440121
-0.007636975
0.029655563
-0.1837087
-0.066183485
0.0038505078
-0.012717048
-0.0021180604
0.11085086
-0.0605379
-0.04788689
0.006484837
-0.019640477
-0.1561175
0.10526981
-0.16353871
-0.033831336
-0.036511365
-0.0046991105
-0.07955128
0.08075115
-0.0980278
0.033618383
-0.14130248
0.15525123
0.01788892
-0.03887005
-0.045978516
0.18093412
-0.00075629284
-0.21875897
-0.008510219
0.07055205
0.028269218
-0.05705148
-0.1027976
0.029218383
-0.02255375
-0.21210493
0.017523779
0.061004017
0.16061777
0.023991669
0.04664812
0.08741324
-0.115644
0.121031545
-0.01078109
0.020033719
0.14604922
0.14548765
0.13720572
0.12470938
0.11086272
0.13256675
0.16113009
0.14033668
0.13632108
-0.20107166
-0.2915085
0.016194673
0.08429395
-0.2256307
-0.3483875
-0.02935656
0.09920922
-0.3859959
-0.49825075
-0.45105755
-0.32653242
-0.49964282
-0.56895113
-0.44772077
-0.44686413
-0.5767362
-0.52679485
-0.46632642
-0.16046414
-0.3675777
-0.42028037
-0.5514178
0.13759772
-0.24702024
-0.162354
-0.33101675
-0.3597809
-0.3183327
-0.24884321
-0.3419087
0.074355386
0.12468215
0.14850011
-0.22547826
0.14198868
0.13971515
-0.16197719
0.19264795
0.16244155
-0.05956697
-0.019500308
-0.19309849
-0.2517798
0.12392786
-0.038566247
-0.26308954
-0.23566845
-0.40151203
0.012033606
-0.4261323
-0.28477058
0.15995236
0.14767334
-0.088209935
0.19827166
-0.06569
0.09723851
0.16450578
0.17210957
0.12863614
0.121094696
-0.35346386
0.1498626
-0.23839818
0.19167745
-0.45745534
-0.2582213
-0.58526397
-0.4631754
-0.3282055
-0.23783757
0.12798044
-0.035297025
-0.31679192
-0.3049067
-0.21982011
-0.16023387
-0.095936015
-0.23365994
0.017686086
-0.3349186
-0.17298731
-0.115900494
0.11701693
-0.04712844
0.15358919
0.13160488
0.13851538
0.15322389
-0.54331404
-0.56838053
-0.26523355
0.15945655
-0.36034372
-0.10247721
0.14750253
0.14547971
0.15151092
-0.46367282
0.15467477
0.14366584
-0.25364316
-0.1273617
0.13264276
0.17009385
0.122656345
0.124574944
0.0755779
0.050860588
-0.043016214
-0.46745798
0.09056636
-0.39863458
-0.12775013
-0.45488992
-0.31466782
0.12098726
0.1427872
0.0885719
0.02216935
-0.00036236754
0.04150038
-0.09518917
0.07407676
0.009763438
0.023335896
-0.17476897
0.15475202
0.03783208
-0.13468893
-0.0022249192
-0.115654066
0.021617616
-0.08491222
0.0025738948
0.0602967
-0.09856863
0.13956484
-0.06403981
-0.025753088
0.12673387
-0.07048189
-0.081333846
-0.04403047
0.11041919
-0.026877707
0.055821106
-0.13399889
0.040524278
0.087902814
0.00893446
-0.045534935
-0.06458779
-0.007347157
0.12348111
-0.04635709
0.015420751
-0.12230894
0.027327167
-0.061130416
-0.04523731
-0.079130545
0.16559361
0.16858365
-0.08586566
0.16298461
-0.3449026
0.06194964
-0.0051114988
-0.20983914
-0.45345646
-0.17609644
-0.11583546
0.1404664
-0.19215502
0.09057649
-0.17372315
-0.30722016
-0.23289648
-0.32525423
-0.39908382
0.06993694
-0.21361016
0.12537655
-0.42917114
0.07888912
0.14724489
0.1171477
-0.48080662
0.017715817
0.13789062
0.07050286
0.12083605
0.029667558
-0.45666495
0.08237813
0.18974927
0.1851532
-0.10519176
0.17060973
-0.102987036
-0.6212442
-0.36347395
-0.23735335
-0.068656035
-0.10576494
-0.048308957
-0.045949794
0.0015542032
-0.0424295
-0.12536024
-0.0802836
-0.1548216
-0.04076395
-0.06623268
0.17243648
-0.02500219
0.07241071
-0.14705351
0.07456801
-0.03820735
-0.06562563
0.06899274
0.058791827
-0.18140769
-0.1018955
0.08212267
0.097749226
0.108818434
-0.15351813
-0.01699494
-0.23365957
-0.16397388
-0.05421351
0.03199238
-0.012055829
-0.023698246
0.1162168
0.142418
0.14364195
-0.08960114
0.024097279
-0.058983635
-0.119644456
-0.007488653
0.011537678
0.016193466
-0.010159112
-0.61328566
-0.2956239
0.031062791
-0.17531075
-0.16948326
0.09817331
0.11104936
-0.11309468
0.030588428
0.091831684
0.19860967
-0.08759044
0.23572588
-0.28536204
0.21415626
-0.30733764
0.061497066
0.263537
-0.0014078547
0.07414103
0.061006323
-0.21912888
-0.21490487
0.13610661
-0.32251537
0.091464475
-0.24560323
-0.5526136
-0.3094373
0.20314924
-0.20840985
0.15404083
-0.10602838
0.026003148
-0.16199283
-0.16784601
-0.034650907
-0.096613616
0.16249305
-0.23383236
0.15448578
0.09298542
0.17146929
-0.30977768
-0.18157563
-0.044705037
0.1548845
-0.3963804
0.15957843
-0.3441159
-0.17984223
-0.20486347
0.11234412
0.21361348
-0.544384
-0.027418105
0.20500126
-0.35628605
0.12934569
-0.43443477
-0.4264747
-0.14897366
-0.078079134
0.256895
-0.07899903
0.24839601
0.19403352
-0.039100986
0.25126845
-0.065687925
-0.4563217
0.08125765
0.29433572
-0.3201885
0.22445354
-0.44870287
-0.26200625
-0.275824
0.23556349
0.06296788
-0.093657285
0.22934155
-0.32103473
-0.3149608
-0.46114543
0.05227328
0.033773944
-0.045234274
-0.05620431
-0.008781689
0.08559664
-0.038573492
-0.15371944
0.018796213
0.08365183
-0.07490743
-0.054221887
0.052288238
0.031121654
0.07393485
-0.047541093
0.10243062
0.025118789
-0.092732936
-0.016239295
0.07256481
0.18140106
0.19098136
0.08056049
0.06922185
-0.18290152
-0.11017456
0.115613304
-0.0020740635
0.003975644
-0.014581948
0.06512131
-0.11816914
-0.016019924
-0.01658266
0.056766372
-0.121677734
0.048168335
0.017713156
0.13569757
-0.030379722
0.009693159
-0.033689123
0.11363813
0.21880543
0.13260505
0.045643024
0.06856144
0.13002302
0.07991251
0.016849138
-0.20234784
0.13951425
0.068369254
-0.63075906
-0.3071674
0.15679103
0.15732187
-0.074873865
0.1514727
-0.46958658
-0.20960514
-0.015983697
-0.44209993
-0.15462556
-0.11008748
0.16087095
-0.19796334
-0.051712025
-0.037648
0.13624512
-0.29805794
0.21841267
0.15726304
-0.44098708
-0.4592195
0.15477043
-0.17523094
-0.040277075
0.15479411
0.18920365
-0.2589717
0.056242045
-0.066147916
-0.40181756
-0.025438007
-0.48709086
-0.08629685
-0.009475425
0.024055962
0.12741238
-0.14394693
0.149512
-0.12685989
-0.006175097
-0.09459485
-0.042589635
-0.06247075
0.043965038
-0.014304584
-0.05598637
-0.04228041
0.08520606
-0.0048341784
0.1373783
-0.063149996
0.05213015
0.169911
-0.05338416
-0.11814784
-0.11416124
-0.18400066
-0.049253702
-0.096730374
-0.10641004
0.036662374
-0.059741337
0.10251683
-0.0060962723
-0.04097075
-0.11198619
-0.19491646
0.11672576
0.087787814
-0.076278396
-0.090831704
-0.06870606
-0.035456516
0.06444264
-0.1391501
0.103381485
-0.16527301
-0.07386307
-0.103174396
0.030268466
-0.11083544
0.08875845
-0.16943665
0.113100685
-0.043030635
0.1983459
-0.060362272
-0.01505427
0.05485665
-0.004835644
0.03957725
0.048679724
0.009005031
-0.015391644
0.028192624
-0.15522987
0.03419192
0.12130156
-0.063511804
0.09215808
-0.02414836
0.041311186
-0.026778251
-0.14806828
-0.014441601
-0.18612139
0.0061726533
0.030971695
-0.11088306
-0.16212289
0.004584257
-0.1120893
-0.04629988
0.038528766
-0.012839694
0.06730684
0.02865357
-0.049301956
0.12511647
0.098297216
-0.030189972
-0.092946425
-0.006066841
-0.15542501
0.04344053
-0.026657745
0.070038825
0.022563137
-0.03289374
-0.11399383
-0.018932886
0.039824728
0.11386317
0.05457115
0.053199243
0.00998764
0.057351623
0.10758897
0.013317758
0.102418095
-0.0040823426
0.021587169
0.044105064
-0.07754321
-0.031258497
-0.16356191
-0.12330574
0.03351044
0.053332668
-0.062133282
0.09723822
-0.108887576
0.17295183
-0.1631522
0.013488857
-0.10584522
-0.04015961
0.0012116526
-0.023859786
0.14645705
0.13387299
-0.0924255
-0.14480974
-0.23485571
-0.15138532
-0.401677
0.10799449
-0.22517632
-0.3383383
-0.44147626
0.18379767
0.20558992
-0.091966204
0.07504705
0.24082391
-0.1894695
-0.107673846
0.038927533
-0.3144448
-0.20655403
0.0018277129
0.14419347
-0.39412838
-0.08274526
0.12432183
-0.17424664
0.21374056
-0.17545952
-0.4505406
-0.09320475
-0.20902213
-0.12158918
-0.34676933
-0.40882748
-0.11517241
0.19162375
0.23130184
0.26132774
-0.100576766
0.2370043
-0.48944536
-0.011302883
0.18490231
0.23476446
0.021502366
-0.13108239
0.11503961
-0.09691529
0.16048834
0.050349545
-0.10087737
-0.054695606
0.09414047
-0.07503565
-0.101330765
-0.047397066
-0.1309194
-0.030818
0.043715663
0.009399052
0.05216479
-0.015811097
-0.017462326
-0.17950344
-0.18336911
-0.07404099
0.070110515
0.08351903
0.111725956
0.12394778
-0.026839618
0.11317416
0.058016885
-0.13141945
0.078258194
-0.1598268
-0.12123119
0.009724642
0.058491077
-0.057739936
-0.10330761
0.06515909
-0.021581909
-0.03610566
0.0542406
-0.037076045
-0.06921246
-0.28434777
-0.5043814
-0.44340897
0.10094024
-0.63958836
-0.3225972
0.15498091
-0.44971052
-0.22083445
0.18560033
0.038102962
-0.19145553
0.124992155
0.14657475
-0.33198872
0.14147937
0.1649201
0.13497992
-0.42630413
0.07264519
0.15778673
-0.5550989
0.06800497
0.15543722
-0.46250084
-0.23806995
-0.35733494
-0.40937918
0.18355253
0.10147914
0.07441189
-0.4767129
0.19268475
-0.06468424
0.191101
0.13366306
0.1808771
-0.56958413
0.09298197
-0.43154496
-0.10868781
0.20894936
0.15931001
-0.24959627
-0.31820276
-0.11745891
0.11658457
-0.19743137
0.08550772
-0.18336976
0.19710463
-0.040780794
0.23441246
0.2222914
-0.39681002
-0.07900466
0.21497504
-0.26799414
0.19021751
0.2228105
0.07858229
-0.48533484
-0.09042753
-0.22606055
-0.6199498
-0.4733421
-0.12512583
-0.37657502
-0.39329723
-0.31798583
-0.41087347
-0.25186604
-0.6216692
-0.44558614
-0.7089267
0.105227344
0.13522944
0.19081022
0.21737391
-0.28514272
0.011991019
-0.37860376
0.16905506
-0.3505583
0.1636735
0.19357246
0.016335873
-0.015238293
0.022492094
-0.06498192
-0.049797975
0.12679295
-0.08445155
-0.031960085
0.12746191
-0.16565196
0.07567249
0.0070628263
-0.08741499
-0.13071732
-0.13819318
0.13148
0.008189985
-0.05465332
-0.04229162
-0.002752251
-0.15201077
-0.04466874
0.08912169
-0.010400827
-0.050989762
-0.035195094
0.08155108
0.10162145
0.050010514
0.06565738
-0.16600385
-0.008266612
0.079246655
0.016683375
0.14299439
-0.09905859
0.07624038
0.14287907
-0.17728575
-0.084339485
-0.14531384
0.03533706
0.10921204
-0.05616511
0.20936012
0.16000742
-0.22004624
-0.014560428
0.04153577
-0.007051314
0.0026199762
-0.27869907
0.049688336
0.1726273
0.088704914
-0.10227718
-0.21897334
-0.09208491
-0.3991105
0.17195618
0.22244437
-0.18438606
0.15646094
-0.16188669
0.15458481
-0.44890377
0.091233276
-0.35074702
-0.07288006
-0.63440144
-0.07365693
-0.021225331
-0.17419188
-0.3344588
0.1541913
-0.33095095
0.17427413
-0.2331753
0.0147865545
-0.28216946
0.13118942
-0.12704292
0.14312503
0.1396522
-0.1785208
0.009815066
-0.27758697
-0.07849653
0.021611696
0.09204625
-0.63318163
0.047410496
0.11359772
-0.2598201
-0.5582582
0.09811131
0.06646033
0.14888565
-0.28851178
-0.5774775
-0.48298
-0.5897362
0.022913646
-0.31237477
0.05263944
0.14863263
0.1273819
0.14450234
0.10748616
0.15127039
0.14130078
0.13212724
0.040347476
0.1416894
0.14554423
0.14216
0.13721155
0.13682362
-0.33021817
0.08676474
-0.008520785
0.045841787
-0.18892974
-0.3502989
-0.43504548
-0.2614487
-0.14203742
0.09774787
0.035099123
-0.14114627
-0.23724832
-0.109867506
0.0920234
-0.16797389
-0.069120795
-0.3332201
-0.40911412
-0.19637857
-0.098622695
0.06967014
-0.2203006
0.06620041
0.087397344
0.20911302
0.11144781
-0.19018167
0.22601861
-0.17834434
-0.15305056
-0.12205598
-0.32064113
0.24129355
0.17418133
-0.21796994
0.1751592
-0.077862814
-0.41379854
-0.065708175
0.20981793
-0.22454004
-0.1293053
0.08574534
0.08485497
0.20263714
0.19220047
0.23204741
-0.20014177
0.18918563
-0.34171703
-0.28519967
-0.28844666
-0.17298009
-0.024399118
0.008765226
-0.13724843
-0.19188227
0.045285445
-0.0470038
0.07211389
0.18332452
0.1998183
-0.24294877
-0.11918738
0.22482345
0.1975644
-0.24365634
-0.42161807
0.21775447
0.09312396
-0.45331916
0.22990662
-0.27839077
0.009410898
-0.039633945
-0.41243535
-0.25880826
0.1979353
-0.15530045
0.241625
0.22943385
0.11706322
0.043383367
0.16839018
-0.07304099
0.19729501
0.036040254
-0.6267058
-0.3765722
-0.21331646
0.18680061
-0.6265895
-0.18629521
0.18244128
-0.07452458
0.102110945
0.05047971
-0.1186914
-0.12347112
-0.058272522
-0.011661375
-0.10690869
0.04082519
-0.09500435
0.119965464
-0.10127794
-0.087589435
-0.046803936
-0.12240166
-0.06561034
-0.109575436
0.040969744
0.08642458
0.15292196
0.022336142
-0.030203784
-0.09241229
0.0622853
0.03612193
0.050966494
0.011199082
0.065875664
0.1050642
0.03564849
-0.19972488
0.019558394
-0.036206264
0.123943016
0.08733015
-0.0039736093
-0.070934564
0.16048463
-0.11181855
-0.012433905
0.0117956335
-0.030734615
-0.060378663
-0.062482387
-0.025215032
0.0061937002
-0.037195817
-0.08170105
0.0024207444
0.051666316
0.055943556
0.041794915
0.040090326
-0.17542122
-0.06631993
-0.16634999
-0.103447445
-0.04975997
-0.079055585
0.063216284
-0.2190383
-0.110299945
0.019799942
-0.046234865
0.08621872
-0.08236896
0.021965884
0.02182835
0.043416157
-0.07408568
0.060933955
-0.023699025
0.13422094
0.034223184
-0.073866956
-0.026037306
-0.09488709
-0.08384304
-0.055591147
0.015218668
-0.03564119
-0.11534231
-0.14916275
0.049333643
0.051814575
-0.0097701475
0.024433834
0.005565001
-0.003921238
-0.015722862
0.07604489
-0.0026070075
0.098446235
-0.1786623
0.05089626
0.056320194
-0.20005557
0.0029832008
0.023306072
0.01669581
0.010952928
0.0096708685
0.018865101
0.08084672
0.0007115662
0.027019305
-0.037810884
-0.10525852
-0.0067990017
0.055420134
0.07781034
-0.08142826
-0.0382092
-0.14054784
0.05949575
-0.003025215
-0.036898606
0.045641396
-0.11131995
0.0665724
-0.10827967
-0.1850296
0.13854691
0.020568991
-0.089590706
0.045160793
-0.008295261
-0.017808925
-0.1421644
0.0023760556
-0.09833114
-0.08012187
0.04710012
0.008610183
0.08354264
0.050633486
-0.13151005
0.014093973
0.044874042
-0.08344701
-0.054888725
0.05559633
0.015941992
-0.01892868
-0.013453906
-0.11412122
-0.17632939
-0.0059686136
0.09450822
0.01647498
0.052016996
0.028626388
0.09808407
-0.080458745
-0.07292208
0.055458818
0.058773514
-0.005522523
0.04526736
0.02116016
0.052439313
-0.0122469235
0.0027436803
-0.14156504
-0.042399637
0.06881983
-0.115845755
0.018844932
0.16374809
-0.11474512
-0.05889794
0.079124816
0.09563887
0.052929528
-0.14762303
-0.046575867
-0.15664265
0.17976886
-0.46039963
-0.20364945
0.13422118
-0.13993649
-0.19204241
0.1456099
-0.40929553
0.17598632
0.18986073
-0.13340509
-0.21955138
-0.24168989
0.19332878
0.057572536
0.10831779
-0.043652475
0.17156287
-0.3636343
-0.40586838
0.10687142
-0.36326808
-0.09586399
-0.43675315
0.15548056
0.17725366
-0.057408813
0.11149389
-0.2691837
0.19660114
-0.13048828
0.15972981
-0.1598248
0.084072605
-0.27163082
-0.098036155
-0.4487012
0.14013489
0.18804003
0.07687122
-0.48564288
-0.42428568
-0.44118112
-0.099648654
-0.11473147
-0.08663408
-0.030391702
-0.26739824
-0.101076595
-0.19122899
-0.12621012
-0.23569213
-0.034004416
0.023217073
0.19734125
-0.20630795
-0.38227668
0.16381207
0.20245644
-0.079042554
0.10297243
-0.39982572
0.17852764
-0.1668128
-0.28303182
0.1614989
0.21575475
-0.15001372
-0.16378154
-0.12515287
-0.087197706
-0.1707875
0.13596588
-0.09825866
-0.13156737
-0.2996265
0.21712497
-0.2407693
0.17417651
-0.32104933
0.062489793
0.023732381
-0.3296537
-0.12709829
-0.41542757
-0.042897496
-0.26261806
-0.5860954
-0.09761364
-0.33733487
0.01601415
0.059617493
-0.43612227
-0.22846134
0.06088858
-0.40347108
-0.4938628
-0.30665684
-0.35492113
-0.6156795
-0.4365292
0.06920921
0.061186902
0.07551327
0.046420515
0.10938869
0.05657763
0.09786019
0.02632318
0.0802997
0.07704168
0.0880544
0.0745481
0.06787446
0.07239992
-0.75554353
-0.3826457
-0.3813284
-0.389792
-0.5158455
0.022160426
-0.23014922
-0.032875348
-0.05037132
-0.4589879
-0.6722692
-0.30143768
0.10484865
0.08643452
-0.25080273
-0.5727614
-0.22041802
-0.6931316
-0.41483802
-0.8213458
0.003012311
0.0851744
0.17364511
-0.18535414
0.12733392
-0.41711804
-0.2699367
-0.24454255
-0.48019803
0.17601034
0.13699286
0.09724433
0.1561121
-0.025155406
0.13271287
0.16195454
0.11070472
0.16328268
0.18779813
0.049080193
-0.06853983
0.13567741
0.087032914
-0.40125397
0.13035053
0.091687426
-0.2642693
-0.3836126
0.1394545
0.06584942
-0.18545397
0.12654994
-0.118819155
-0.104582824
-0.10979553
-0.10222698
0.050603505
0.038940616
-0.13692042
-0.05722464
-0.05766339
-0.097790815
-0.11665007
0.02716455
0.027880134
0.014132747
-0.04786305
-0.041737083
-0.024436506
-0.1550361
0.0755423
0.08060654
-0.08151106
-0.08619734
0.047644917
0.13162844
-0.16139577
0.029476877
0.061070964
-0.17392842
-0.09922153
-0.051975526
0.13370866
-0.07712232
0.052072946
-0.18297616
0.16989185
0.021475703
-0.097685575
0.20488246
-0.17531931
-0.03681402
0.18113291
0.1394132
0.045575958
0.026802966
0.0036359283
0.015211879
-0.05266379
-0.076683044
0.05191464
0.018820371
0.14461245
-0.008890911
0.03524456
-0.1342863
-0.037994392
-0.073997475
-0.0526258
-0.124284215
-0.014339135
0.033701286
0.0107353
-0.17022644
-0.113329954
-0.0068357694
-0.06317393
-0.050567
0.1327868
-0.04286067
0.16371676
-0.052984186
0.00029090222
0.064002104
-0.12885447
0.026976733
0.09422709
0.015870333
-0.1170678
-0.13745005
-0.047530018
0.06017568
0.077777766
0.116264276
0.052954454
-0.022825934
0.13140263
0.10220582
-0.022705076
0.049673658
0.03380547
-0.13921738
-0.21038088
-0.008165062
0.07024446
-0.08869636
-0.027061868
-0.13200526
-0.001616983
-0.012286806
-0.009675313
-0.052427974
-0.14518878
0.038075257
-0.011816322
-0.13446814
-0.18139756
0.13463455
-0.119803764
-0.15951875
-0.086623006
-0.11158485
0.008293707
-0.15305096
-0.05781211
-0.15240091
0.037385073
-0.112411745
0.15847158
0.014463809
-0.1342729
-0.06325746
0.03094641
-0.10175647
0.039430074
0.12065574
0.1723518
-0.088096514
0.0043569785
-0.08223139
-0.11093055
-0.036135368
0.102037385
-0.18426533
-0.122490175
0.09580544
0.10167576
-0.104148656
0.11954095
0.030120406
-0.15901175
-0.005426538
0.057280015
-0.09501534
0.09818274
0.08852927
-0.0744389
-0.13658215
-0.038739573
0.050033152
0.017354285
0.031591438
-0.02003307
0.028581876
-0.13451171
0.15483622
-0.024813417
0.14399084
-0.11206359
0.04946224
-0.01707324
0.031047272
-0.013654914
-0.013798167
0.012732416
-0.07832248
-0.07297141
0.089929014
-0.07342465
0.010412855
-0.00523513
-0.15563954
0.027351672
-0.030757569
0.09945615
-0.015490012
-0.011506006
0.0788532
-0.14686541
0.11471693
0.15020484
-0.01575904
-0.0055614025
-0.040414788
-0.071819566
-0.10169694
-0.042539343
-0.05336379
0.026690839
-0.04611071
-0.05460233
-0.14095786
0.0071795043
-0.03641471
-0.11608061
-0.030773588
0.18356283
-0.050126534
-0.06131056
0.12429565
-0.07267428
0.1338798
-0.018947825
-0.008071041
0.030981665
-0.008433231
0.08495288
0.049882088
-0.112362765
0.067990065
-0.20812269
-0.001665247
0.010576257
0.06221114
-0.05460916
-0.12594163
0.024485096
-0.06868297
-0.024671488
-0.077440545
0.1539344
0.18699327
0.006277233
0.19737491
-0.26684874
-0.5097993
-0.023718884
0.052275963
0.1336683
-0.08523366
-0.21084988
0.00022338699
-0.100111805
0.1719235
0.20572406
-0.24264184
0.055475228
-0.096806
0.112694256
-0.34917203
-0.17323855
-0.44934493
-0.31683454
-0.031336796
-0.2663232
0.024731817
0.041721858
-0.16153121
-0.26800814
-0.47394302
-0.07575744
-0.21839103
0.23038962
-0.16601144
0.14624138
-0.39162263
0.22966205
0.055820253
0.21321392
0.08380327
-0.31599477
-0.55985063
0.13629036
0.095199
-0.09164437
0.11722874
0.05178561
0.12290468
-0.024615662
0.11396152
-0.051179644
-0.052016087
0.07186404
0.032322887
0.04847263
-0.08093494
-0.13195893
-0.03582573
-0.0009291987
-0.11603077
0.084874086
-0.13533431
-0.08090466
0.075176686
-0.016221449
-0.017039467
0.03673538
0.122617885
-0.20905478
0.048557583
0.0032841212
-0.03457119
0.06429275
-0.08143778
0.08400199
-0.124983765
0.09489721
-0.11948634
0.012280658
-0.0291247
-0.051611245
-0.12946571
0.03628723
-0.027759928
0.06731318
-0.109373964
-0.060449205
0.033434033
-0.0498517
-0.07561011
-0.040677853
-0.07952197
0.0092072375
-0.15883885
-0.013351278
0.1066873
-0.042906012
-0.075184636
-0.048412304
-0.17143327
0.027740534
0.03903431
-0.1980775
-0.14720002
0.01945578
-0.11695353
-0.16607824
0.0031911673
0.02584868
0.015306545
-0.029111493
0.013512113
-0.20370471
0.11873728
0.0180126
-0.042403765
-0.13568649
0.094595164
0.049123995
-0.032745633
-0.119116426
0.066049114
0.075588375
0.07576109
-0.0764064
-0.0067300354
-0.027223557
0.026796294
0.07477705
0.005305215
-0.0247214
0.00201482
0.031390198
-0.11049717
-0.044565383
-0.021924341
0.06511435
-0.10373902
-0.03791101
-0.059440985
0.06931898
-0.030893032
-0.012503879
-0.15976906
-0.072354436
0.04953522
-0.09516532
-0.082214
0.022821184
0.07894755
0.15187714
-0.08412702
-0.008850882
-0.03380911
0.017122205
-0.0034766886
-0.24297687
0.04503838
-0.009941795
-0.12459499
0.019089118
0.030026117
-0.09613337
-0.15804528
0.05054735
-0.011751796
0.08587433
-0.054785497
-0.16853574
-0.07509269
-0.06334878
-0.58790565
-0.38936603
-0.2375806
-0.2050129
-0.28049743
-0.032311928
-0.57389915
0.08310977
-0.19001195
0.14591496
0.15555069
0.18074857
-0.071573325
0.17621937
-0.17785636
-0.4388361
0.013785656
-0.101641215
-0.1492371
0.14465033
-0.17358604
0.18937746
-0.13621563
0.13941823
-0.12316412
0.13489603
-0.18728334
-0.25459668
-0.25595674
-0.38073215
0.17154388
0.14956118
-0.5840585
0.21159768
-0.3580184
-0.23977038
-0.25940284
0.0060848612
-0.42629597
0.2267267
-0.1619144
-0.68989176
0.068011925
0.028466266
0.047622245
0.08770534
-0.11805132
-0.005643589
0.06651823
-0.055524223
-0.13589391
-0.14788361
-0.013558205
-0.070293106
-0.0027029347
0.013710444
-0.043627616
0.012829048
-0.12687553
-0.2162987
-0.17332213
-0.114745066
-0.024179196
-0.12934189
-0.08903898
0.043811426
0.09722575
-0.028834047
-0.107564546
0.110597
0.049365785
0.0726177
-0.057409786
-0.009878813
0.03003957
0.12218601
-0.119638525
-0.19106105
0.007623386
0.09284134
-0.064624496
0.042188246
-0.065359846
-0.00999202
-0.03158416
0.059262834
0.16445343
0.12093127
0.14932428
0.12741318
0.13170873
0.14772666
-0.21849461
0.15309836
0.15018108
0.11028497
-0.029688029
-0.61163855
0.0069344114
-0.04921743
-0.17750579
0.15821086
-0.2582951
-0.15850179
-0.37321863
0.1285777
-0.32695574
0.023663463
0.00832471
-0.087782055
0.14550741
-0.19710797
0.14102252
-0.07399402
0.106800035
0.11859863
-0.077964
-0.05885768
0.023902705
-0.24438809
-0.46615642
-0.4146147
-0.39755672
-0.33806714
-0.09750741
0.07676576
-0.5622587
-0.25725538
-0.28538758
-0.30773327
-0.24189135
-0.29101592
0.14550371
-0.3272738
-0.04856587
-0.36100113
-0.39112884
-0.37519085
0.20540611
0.1332561
-0.29323786
-0.2781873
0.20857069
0.10398469
0.1839262
0.16627495
-0.1844928
-0.41015399
-0.0011492212
0.2025025
-0.49675956
-0.15038468
0.149875
-0.28867784
0.112950265
-0.32548046
-0.38298342
0.17524284
-0.1471192
0.0792551
-0.6151507
0.107369736
0.13873447
0.21611829
0.19538912
0.13277684
-0.4623148
0.13545077
-0.31808499
0.01043533
0.1934149
-0.063734524
0.18986277
-0.02612055
0.024512826
0.026195616
-0.16012302
0.038558297
0.0052603213
-0.15360026
0.04588852
0.20134054
-0.100637555
0.027380848
-0.14415699
-0.041091103
0.031130737
0.044997986
-0.0562638
0.04084366
-0.08491446
0.06504423
0.047636624
-0.088779576
-0.06462205
0.11920494
0.13208471
0.047362674
-0.057950377
-0.12141717
-0.004331286
0.00048126094
-0.07236459
-0.19035362
-0.14468
-0.102326095
-0.05467174
-0.042675413
-0.035477098
0.11096812
-0.053649966
0.08074984
-0.14236253
-0.01982531
0.04579031
-0.056946643
0.18335198
0.1599939
-0.16573985
-0.024676185
-0.09538235
-0.12212123
0.06992462
-0.09208782
-0.024109356
-0.063062735
0.060810216
-0.053144883
-0.003073293
-0.04344806
-0.13845022
-0.07231495
0.13488027
-0.10947906
0.07349238
-0.11670287
-0.16008039
-0.06037798
-0.040221687
-0.059571724
0.045512177
-0.04311353
-0.0011955486
-0.056082733
0.07553585
0.016502596
-0.098806016
-0.08851285
-0.090861894
-0.10267102
-0.021410752
-0.07122929
0.046032045
-0.050238933
-0.035454933
-0.03757969
-0.06542114
-0.05258051
-0.157207
-0.38096297
-0.41151786
-0.37976465
-0.006405167
0.09634238
0.20633982
0.095338486
0.15789628
-0.26035586
0.15770923
0.18937658
-0.19789875
-0.3490764
-0.21013826
-0.36780968
0.20566992
-0.22320746
0.11930188
-0.052238364
0.19229193
0.13705312
-0.25064167
-0.010174386
-0.08951655
-0.029557602
0.06735122
0.07815176
-0.104485214
0.10537
0.14810811
0.13671194
-0.09065723
-0.17158857
-0.039054
-0.4098667
-0.32010394
-0.019171923
0.106202
-0.42319754
0.13382025
0.048083037
0.20414641
-0.007330988
-0.050464347
0.06993793
0.07422418
0.023259524
-0.12814215
-0.057878148
-0.0030359246
-0.18651935
-0.0039355727
0.0038087452
-0.14274569
0.13060594
-0.013040242
0.043172825
0.057493605
0.010659436
0.11916089
-0.12186081
-0.08607428
-0.09628255
-0.182882
0.014419466
-0.15475121
0.06522067
-0.15480763
-0.1604262
0.1299196
-0.08294928
-0.16097875
-0.05808151
0.12362074
0.015774243
-0.101996854
-0.04387418
0.048514463
-0.0993195
-0.07409777
0.08171731
0.021207478
-0.06731934
-0.10768481
-0.018963348
-0.40268058
0.004503359
0.14719537
0.097377166
0.10742956
0.09621397
-0.23330542
0.16295166
0.12712225
0.079201065
0.11538012
0.08082451
0.15341432
-0.44468716
-0.3269919
0.056740656
-0.21431679
-0.11299492
-0.47997525
0.12231283
-0.0024144703
0.12466742
-0.57003194
0.09728149
-0.18390653
-0.19458154
0.11334374
0.05159652
-0.14514858
-0.17800684
0.03167914
0.10977079
-0.25354722
-0.1674046
-0.43048304
-0.39200974
-0.15593089
-0.2832214
-0.3157012
-0.013874503
0.042680018
-0.16861404
-0.019647732
0.15637149
0.1456766
0.06230399
-0.10503304
0.15306048
0.09598414
0.086210705
0.06344243
-0.025707524
-0.06396375
0.09188752
-0.03211183
-0.42927492
-0.8082776
-0.4203804
-0.5064947
0.15025331
-0.382793
0.15371092
0.15504152
0.048059158
0.10127701
-0.06552658
0.077622525
0.15040995
-0.102204524
0.083930515
0.15914512
-0.088999964
0.13790803
-0.31660318
0.107397035
-0.2820321
-0.3465192
-0.4930641
-0.09704385
-0.46763724
0.17412819
-0.3599517
0.15965128
0.04710319
-0.06765902
-0.18213454
-0.068225764
-0.07624131
-0.010081027
0.005866387
0.011779887
0.026415896
0.03316567
0.023281584
-0.11781634
0.0037366112
-0.12169511
-0.015583685
-0.011605691
-0.12387408
-0.12384118
-0.15919425
-0.051595952
0.02509513
0.16035609
-0.06959852
0.011498446
0.07582445
0.11893887
-0.106530465
0.0016982262
0.06824764
0.02786101
0.07543421
-0.007211997
-0.029236564
0.112522595
-0.12568823
-0.1730771
0.029594911
-0.20420536
0.10437296
0.034136675
-0.0674473
0.19007418
0.010479724
-0.06762538
0.10195009
-0.02292202
0.04750534
-0.097997166
-0.24250166
-0.13457412
0.036241192
-0.0902148
-0.43028334
-0.42639545
0.097904794
0.18922696
0.12675472
-0.29181504
-0.07552223
-0.20080023
0.17962036
0.17640738
0.18839127
0.20431955
0.16764168
-0.449054
0.16766803
-0.37398148
0.17391038
-0.18603833
-0.2976518
-0.4256132
0.15175293
-0.09843861
-0.052770592
-0.005672875
-0.14626423
-0.38351646
0.06254777
0.05832617
0.16505627
-0.07768422
0.13215429
0.13828017
0.18216416
-0.13614382
0.14393665
0.033382922
-0.18057777
0.05393542
-0.0064335107
-0.08998641
-0.04345018
-0.1128774
-0.020482535
0.053994186
-0.0051520206
0.036073785
-0.020547604
-0.049659654
-0.10870077
-0.032079294
-0.12814564
-0.035167947
0.015741482
0.062370107
-0.12454952
-0.035905007
0.03489963
0.049028616
-0.0064521967
-0.0051943744
-0.022651514
0.020696174
-0.042577907
0.09964378
0.0059253164
-0.014635542
0.079828426
-0.03749752
-0.13698012
-0.113953754
0.03533348
0.02796383
0.028448904
0.10525054
-0.015853107
0.09361643
0.17633076
-0.0065095997
-0.19220208
0.051393997
0.121066794
0.17274912
0.100357614
-0.08776717
-0.087331474
0.020593753
-0.07744228
0.096509434
0.008422708
0.056636102
0.09874606
0.13705942
0.023305112
-0.15470722
-0.1269292
0.13762885
0.044438377
-0.058998205
0.14099266
-0.14008476
-0.12893116
-0.0781613
-0.12755604
0.091700755
-0.18228787
0.15652174
-0.06789418
0.032514796
-0.1387125
0.031868383
-0.020661732
0.10215259
-0.008366386
0.14588276
0.020719724
0.021344122
0.083609544
0.044728916
0.068443336
0.14335297
0.015762646
-0.03142482
0.0077042826
-0.087793246
0.04135635
-0.07399144
-0.16462441
-0.12478095
0.05440467
0.09330499
0.008926761
0.053917777
-0.12359466
0.074979156
0.052522898
0.114324294
0.10454897
-0.103246346
0.010348343
-0.13877566
-0.10127479
0.074347764
-0.053981356
-0.14604692
0.13491854
-0.015407975
0.035019934
-0.13153358
-0.15949667
-0.1176041
-0.1499065
0.04021746
-0.04705965
0.04937106
-0.0066067404
-0.052738536
0.08047742
-0.15435693
0.092086464
-0.14027546
-0.07117769
-0.060558338
-0.032216746
-0.1419492
-0.11302803
-0.015033856
0.117160134
0.07206188
-0.31653917
-0.30738744
0.22596124
-0.15468441
-0.32436445
-0.06188131
0.16719964
-0.35941595
-0.45415974
-0.22872892
-0.21292037
-0.28092626
0.13002299
0.0019864198
-0.2956246
0.11908849
0.2913638
-0.23093401
0.02927619
-0.2072167
0.1918351
-0.3567848
0.16216183
0.22037534
0.27713844
0.23416993
-0.19401409
-0.0035650833
-0.059601072
0.19593035
-0.18091962
-0.16519459
-0.27330574
-0.4601544
0.15553814
0.22105837
-0.055933066
0.13822836
0.09765898
-0.18359858
-0.42999446
0.033120885
0.0012731563
0.053905535
0.11071317
0.03693918
0.042593803
-0.006007352
-0.1661943
-0.012143146
-0.130118
0.04064796
-0.0019748472
-0.05669742
-0.007892537
0.06267669
-0.09299697
-0.13367623
0.01147997
-0.037560593
-0.00034754703
0.06205562
-0.05744606
0.019585649
-0.12246662
-0.036364567
-0.045900054
0.03447521
-0.013097738
0.14739712
-0.068000965
-0.02922799
0.018513374
-0.072908856
0.11714192
-0.15518028
0.022635667
-0.022308052
0.07389194
0.013517776
0.030226912
0.09386626
-0.014440328
-0.053272527
-0.06861478
0.07041777
0.0956947
-0.044531643
-0.1456966
-0.038375996
-0.07332438
-0.06470971
-0.14848323
0.12207408
-0.036461283
0.07169379
0.02641667
0.025358586
-0.059896234
-0.19814615
0.023998745
-0.014166103
0.017349754
-0.045870773
0.019561496
-0.11289168
-0.11743621
0.099070646
-0.017478092
-0.17069022
-0.044980247
-0.047092114
-0.015949609
0.023859767
-0.042184103
-0.08348634
0.13000248
-0.024446383
-0.14415132
-0.1768298
-0.12439678
-0.073328055
0.10990938
-0.009166163
-0.007321088
0.09058985
0.08954859
-0.08411009
0.07048146
-0.09430095
0.12153832
0.030466609
-0.06532844
-0.12490392
-0.04754675
-0.14411801
-0.119443424
-0.0050212042
-0.063816585
-0.0261574
0.044068985
-0.09661887
9.666901e-05
0.05400335
0.12425903
-0.018870523
-0.018681811
0.09628379
-0.12663393
0.012352794
0.07576367
-0.021588838
-0.15217237
-0.029271973
-0.064590976
0.076863
-0.05497852
0.036788188
0.051817108
0.019069875
-0.09140855
-0.009166977
0.026678812
0.0056308582
-0.007954641
0.013495149
0.030057048
0.116733074
0.12752393
0.0069717923
0.11011649
0.017697347
0.092711605
-0.011772833
-0.041926574
0.0230425
-0.10270208
-0.039291564
-0.01678765
-0.16579768
-0.10748003
-0.070582606
-0.02517322
-0.18214458
-0.06342433
0.06623651
0.07484662
-0.08246404
-0.030753227
0.044543017
-0.013151746
0.058103137
0.07154213
0.08994355
0.03672395
0.05570544
0.010728048
0.026050564
-0.05980509
-0.07537372
0.015219723
-0.15513432
-0.19022508
-0.07916724
0.14020228
-0.09199032
-0.042228177
0.16457094
-0.09394374
0.086898535
-0.085799046
0.080437794
-0.022714902
-0.04174901
0.032798275
-0.092111774
-0.013483944
-0.0562558
0.062127385
-0.088225104
0.09843268
-0.02076689
0.143481
-0.07187724
0.014133244
0.07015269
-0.055678945
-0.060181938
0.06839508
0.116289645
-0.079556786
0.040668353
-0.02964006
0.054942943
0.053633418
0.1547215
-0.116885185
0.03287838
-0.0718572
-0.050781056
-0.039335705
-0.018123155
0.0905336
0.0308044
-0.04076298
0.13724642
-0.071248256
-0.097294174
0.006270337
0.04930988
-0.06904203
0.029086476
0.04275917
-0.0731123
0.011472508
-0.17371458
-0.21548216
-0.13536528
0.1037211
0.077241234
0.021092921
0.027004993
-0.50432914
0.016645601
0.12330952
0.098696515
-0.07895622
-0.5800583
-0.16299073
0.058354806
0.12275187
0.105986916
-0.12605834
-0.07203253
-0.5968483
-0.4134136
-0.2554709
-0.6700277
0.12051397
-0.79767567
-0.235865
-0.35163653
-0.31569317
-0.40936667
-0.14664584
-0.033430688
-0.74540484
-0.4457595
0.01169562
0.030869832
0.08787724
0.115788765
-0.06474611
0.14680375
-0.15946573
0.14932877
-0.19852264
-0.44826663
-0.4259479
-0.10897161
0.030403526
0.01659614
0.0808188
0.06393676
-0.30353767
-0.66126144
-0.5815545
-0.50096554
-0.16148026
-0.4276923
0.13160728
-0.4298559
-0.18863179
0.09631189
-0.1422945
-0.41839558
-0.3201913
0.12305946
0.15313366
-0.11840156
0.14377731
0.08970033
0.08911
0.16651587
0.10986239
0.09083585
0.14883055
0.10314675
0.12711175
0.10318388
0.1347085
-0.46941924
0.15328948
0.062838614
0.051578328
-0.38291007
-0.24861221
-0.017195992
0.116646715
-0.18864925
-0.35716552
-0.78844905
-0.3218795
-0.2484914
-0.31974742
0.12684458
-0.5143334
0.080809064
0.104355246
0.1265358
-0.119762935
0.13935545
0.14104886
0.16438822
0.1196954
0.09507251
-0.364612
-0.49549776
0.19120009
-0.2310541
-0.29366338
0.15118742
0.09092377
0.09839472
-0.3594047
0.007867016
-0.2860223
0.17976794
-0.53338754
-0.08411476
-0.01215915
-0.27912077
0.14933623
0.0071104337
-0.0029860379
0.088625185
-0.1154904
0.20523076
0.029950118
-0.18448308
-0.4630522
-0.4086483
-0.23148046
0.118379384
0.1262048
-0.29737315
-0.23315977
-0.48651445
0.06993784
0.06719106
-0.0383558
-0.0154333515
0.0612807
-0.07719625
0.033960227
-0.02582004
0.09459379
-0.081680305
0.019708885
-0.068373255
-0.29803374
-0.19002344
-0.056500494
0.02533856
0.08549361
-0.32934898
-0.5327045
0.018232796
-0.19287333
-0.33079928
0.09109563
-0.03210921
-0.1390745
-0.12051538
-0.09768333
0.050086055
-0.030929431
-0.28073207
0.066061415
-0.30954683
-0.35637742
-0.65957963
-0.26902866
-0.01411762
-0.1573961
-0.36192113
-0.29157427
-0.25256658
-0.33802462
-0.29949713
-0.09328146
0.045674972
0.127368
0.15553704
0.087957434
0.1675383
0.127227
0.16286115
0.17772642
-0.2724796
-0.14077212
-0.5666902
-0.5653608
-0.34102958
0.20416643
-0.020528404
0.112242155
0.052502908
0.095633544
-0.6050047
-0.19574048
0.068250105
-0.21247411
-0.057378266
-0.22389737
-0.30604357
-0.37914503
-0.377994
0.09055704
-0.2330846
-0.053823955
-0.25091952
-0.34933078
-0.09252627
-0.10431218
-0.2216356
-0.2190231
-0.3011738
-0.0045253686
0.13665348
0.14584787
-0.3235306
0.16751693
0.1532228
-0.2518409
-0.2625135
-0.19969514
0.012050191
0.09980038
-0.5898464
-0.32673585
-0.0031675682
0.24534838
0.182737
0.16767415
0.19965212
-0.38442644
-0.32902616
0.08601738
0.21218777
-0.29800084
-0.09169226
0.17436004
-0.4606671
-0.15578453
0.04262152
0.17070158
-0.22228289
0.18449907
-0.1420675
-0.35330167
0.17081587
-0.22032975
-0.010191996
0.21571706
-0.04353685
-0.18029816
-0.3813208
0.12875366
-0.10938231
-0.12257224
0.24189036
-0.060504843
0.19805557
0.10626581
-0.039458416
-0.16586354
0.030922167
-0.101702794
-0.11690815
-0.096462026
-0.026164278
-0.0880035
-0.056945216
-0.06705644
0.07671805
0.03958499
-0.09434576
-0.04486175
0.024022346
-0.08182464
0.054470867
-0.12580249
-0.06095803
0.077974245
-0.123576075
-0.110953785
-0.10037295
0.074374445
0.016432479
0.065162085
0.086292446
0.18017344
-0.120404504
-0.021147449
0.08461919
0.009020758
-0.141261
0.07776655
0.00753144
0.1358875
0.09762414
0.0037603925
0.034365762
0.012692322
0.14445114
-0.019023998
0.025846215
0.0549978
-0.12192278
0.060383204
-0.07574285
-0.046351515
-0.1377313
-0.099895276
-0.1789645
-0.20273101
-0.08077103
-0.055227775
0.051127523
0.0013098101
-0.06080547
-0.05059795
0.08477594
-0.07944087
-0.04316105
-0.04571411
-0.061997235
0.11716455
-0.13520639
0.08372612
-0.16619202
0.0043496513
0.018716961
0.053085398
0.04062098
0.044815816
0.04350558
-0.18350783
-0.04337434
-0.036811404
0.120347105
0.044643313
-0.1344098
-0.03910776
-0.00044954245
-0.012613722
-0.072210155
0.057515282
0.03917394
-0.010744855
0.07561806
-0.05450534
-0.028645858
-0.09571684
0.0022329167
0.060732532
0.13375735
-0.025500568
-0.10667302
-0.0021459458
-0.05539425
-0.0039373618
-0.066558555
0.06513302
-0.072781086
0.11473487
0.0067889113
-0.08269313
0.0685278
-0.05520996
0.10801971
-0.20844291
-0.14110847
-0.038238015
-0.090042435
0.05894793
-0.026336499
-0.13460173
-0.057341285
-0.12948237
-0.028944423
-0.012468547
-0.10967962
0.047066007
-0.055170882
-0.17726567
-0.10371122
0.11065976
-0.14279492
-0.058758028
-0.11085576
-0.18781921
-0.5154309
-0.2186558
0.19134736
0.1851327
-0.39461502
0.19555677
-0.09491782
0.18891135
-0.038050234
0.15217988
0.19346978
0.124256834
0.23193043
-0.0660505
0.2462582
0.1270291
-0.23367193
-0.31770852
-0.4806872
-0.36082533
-0.046029523
-0.10834135
-0.47667328
-0.15135798
-0.33268735
-0.110660315
-0.22638002
-0.47546458
-0.44110075
-0.08378176
0.12347995
-0.29251924
-0.26686978
-0.0027126563
-0.099670865
0.1516996
-0.39450088
-0.2973009
-0.044257056
-0.5766982
0.08236823
-0.22289482
0.21780668
-0.03238388
-0.025617797
0.063137576
0.057743665
-0.019938776
-0.04678509
0.15160981
-0.009990062
0.06720595
0.046884827
0.007413838
0.18509519
0.074291304
0.046921793
0.12540703
-0.033933625
0.17902444
0.021385292
0.0544965
0.005044331
-0.0755083
-0.05210124
-0.21019764
0.083201945
-0.06575076
-0.030766206
0.08594588
-0.062134467
0.095702305
0.1123769
0.14429791
0.019837158
0.052172836
-0.14348982
0.06054069
0.0002547436
0.042195626
0.05073241
0.0035689557
-0.09650825
0.121988244
0.0077039273
0.06394622
-0.4153409
-0.098710224
0.13844544
0.006527879
0.118733585
0.06256079
-0.25640303
-0.0064376127
0.2173307
0.06031993
-0.15904729
-0.11596802
0.21541978
0.22027543
-0.11361361
0.19236822
-0.46581003
0.15838636
-0.06981894
-0.17625228
-0.14463715
-0.115404025
-0.39037606
-0.3636916
-0.20695099
-0.4485743
-0.22305234
-0.3855141
-0.050441984
-0.36106288
-0.17382075
0.06887948
-0.051462874
-0.2827097
0.10584643
-0.15693344
-0.13941091
-0.4264431
0.1361592
-0.028266491
-0.32460475
-0.25086492
-0.3025816
0.1608602
0.23409757
0.2122365
0.05612349
0.19145048
0.16127372
0.2122814
-0.27121848
-0.2623195
-0.2884824
-0.6210064
-0.19497426
0.17157364
0.0961472
0.22442064
0.21002492
-0.5849411
0.024831593
0.17231536
-0.54256696
-0.31347555
0.0209139
-0.02652065
-0.33189708
0.02976838
0.18233523
-0.23745207
-0.17199768
-0.11614172
0.07749666
-0.39742276
-0.11870208
0.2160592
-0.44690266
-0.13452311
-0.3662161
0.20445135
-0.31893456
0.24609028
-0.2851818
-0.26701555
-0.13786876
-0.26209265
-0.10576961
0.008562539
-0.13233459
-0.08952083
-0.0060086967
0.17685981
-0.2222373
-0.0014394874
-0.051774114
-0.025505006
-0.049587328
0.070548296
0.04614309
-0.1642836
-0.062034983
-0.021101601
-0.10351323
-0.10661309
0.086763255
-0.0549852
-0.09866369
-0.08471918
-0.14435908
-0.010876837
-0.14425285
-0.03608726
0.0139886085
-0.120444044
-0.13598375
0.06783083
0.08722455
0.055983067
-0.10190666
0.012042254
-0.13786985
-0.0351141
-0.12895744
-0.0787316
0.12800005
0.086408384
-0.19554381
0.010630363
-0.24292184
0.04882408
0.024139216
-0.21911207
-0.46418437
-0.032385174
-0.6875286
-0.36319736
-0.3181991
-0.4697917
-0.42494184
-0.65712714
0.10984214
-0.07703436
-0.18979162
-0.32744956
-0.35172492
-0.3586671
0.038886998
0.13083172
0.0533111
0.06386617
0.10059334
0.11534179
0.09560866
0.12011894
-0.0005967694
0.11655954
0.13713297
0.106277026
0.10420695
0.10561769
0.079166315
-0.25233006
-0.3156576
0.06484113
-0.3940662
-0.2874295
0.1091121
0.087399095
-0.029302496
0.050685976
-0.3356505
-0.45181012
0.07744083
-0.05681105
-0.06033254
0.1780348
-0.04588373
0.08269571
-0.04548708
-0.07029138
-0.16401698
-0.11113412
-0.036778014
0.029980814
0.091091715
-0.07227773
-0.058875974
0.10087807
-0.09028016
0.025795078
0.033398803
-0.11217989
0.048081778
-0.094665445
-0.081692606
-0.0382127
0.086364396
-0.06667739
0.030214619
-0.06377485
-0.0087205395
-0.044551127
0.08843079
-0.04606409
-0.11444991
-0.023196017
-0.037464555
0.0030678052
0.023854284
-0.07613799
0.03602127
0.13105652
-0.07817205
-0.008402287
-0.07933541
-0.16431414
0.19425623
0.24410908
0.19885729
0.17688186
0.1883979
-0.30542842
0.21551368
0.054286987
0.020547215
-0.10923795
-0.27517056
0.22107181
0.22418872
-0.1716554
0.18458512
-0.32995197
-0.41754407
-0.24967879
-0.46295205
-0.47988868
-0.07696132
-0.32453448
-0.35029864
-0.32215282
-0.3215006
-0.17937955
-0.27700028
-0.26381782
-0.20763446
-0.41236156
-0.5515161
-0.17230558
0.12891449
-0.2901445
0.21686217
-0.31440604
0.016332489
-0.12230906
-0.25950682
-0.15828176
-0.20604879
-0.22483769
-0.07395122
-0.06945879
-0.076816276
0.12166235
0.093484834
-0.14464925
0.13251515
0.037402593
-0.09245695
-0.0015797692
0.03493097
0.00516924
0.008974188
-0.045201086
-0.048041735
0.09747384
-0.17079952
0.108930856
-0.18298252
0.057953857
0.17370006
0.05997238
-0.00076593686
-0.08199965
-0.16610765
0.022494476
0.024512736
-0.034074817
-0.03210567
0.13032947
-0.009379456
-0.16117735
0.12351564
0.08103471
0.021248413
0.087266564
0.018120693
0.1236823
-0.1370878
-0.055975407
-0.14536732
0.08066214
-0.08000417
0.074067086
0.029641198
0.03333302
-0.076320246
0.09612557
-0.0013621751
0.09710509
-0.047058232
0.029678173
-0.08752217
-0.1401208
-0.023280108
-0.12784316
-0.08251875
-0.13036384
0.14509729
0.108782776
-0.08491705
0.065967776
-0.05576131
0.086855836
0.1816819
0.013078508
-0.050693408
0.07025718
0.072033934
-0.006740091
-0.053578056
0.05695924
-0.17070939
0.021673385
0.090819634
0.020071957
0.10451354
-0.21166584
0.055411756
0.11382547
0.009432416
0.07351602
0.00077045616
-0.17008807
-0.15368673
-0.062660255
0.033182587
-0.1905776
-0.09194187
0.015217511
0.112168774
-0.1616654
-0.42862102
-0.2840009
0.16029446
-0.21156466
-0.65566117
-0.2666332
0.08370648
-0.24293266
0.20010117
0.06495671
-0.40915394
0.03593151
-0.12681095
-0.460203
-0.27786866
-0.16616708
0.059989884
-0.57056713
0.17840113
0.136608
0.042615697
-0.11971194
0.17855042
0.071352735
0.14654788
-0.31124395
-0.19212368
0.1947021
-0.0488792
0.13985333
0.21694873
-0.19504122
-0.13821526
0.11094559
0.05381112
-0.47363693
-0.7113451
-0.1798996
-0.18806177
-0.024908844
-0.22712842
0.17353332
-0.12638523
-0.50827
0.06274783
-0.25625923
0.18417238
0.22199549
-0.02942392
0.22746508
0.17266943
-0.37029314
0.18738696
0.18349709
-0.14721812
0.07863842
0.1482518
-0.22056139
0.06368336
-0.12802446
-0.32157946
-0.10594639
0.19549587
-0.012237379
-0.19724509
-0.2878157
-0.081660405
-0.3009028
-0.31627518
-0.38432193
0.25107977
-0.38404867
0.22139399
0.17589462
0.22009881
-0.33539402
0.22705077
0.20366856
-0.22648622
-0.27480245
-0.031604514
0.1562161
0.094057165
0.0040931627
-0.0015356715
-0.09466638
-0.1715889
-0.17870516
-0.1000381
-0.17411147
-0.19139116
0.03515811
-0.009763375
0.058804117
0.013119819
0.077341884
0.10515874
-0.04996866
-0.012664736
-0.16555338
-0.17458688
-0.06944766
-0.24756679
0.07320082
0.03441744
-0.14236216
0.1356434
-0.13043986
0.05778909
0.12019909
-0.094645776
0.15155849
-0.06898598
-0.09064117
-0.032689795
-0.012922009
-0.0259692
0.09157095
-0.036448684
-0.012158364
-0.18346989
0.030072214
-0.16002917
-0.35993716
-0.40548667
-0.16881022
0.14403065
-0.3061145
0.15100421
0.1900498
0.048889134
0.13566995
-0.079638235
0.16984594
-0.07793088
-0.14280236
-0.029377254
-0.25966665
-0.25299254
-0.031011065
-0.42474678
-0.44993556
-0.066890545
0.21569027
-0.4205802
-0.49388048
0.18036957
-0.3550106
-0.09332308
-0.3864941
-0.50144565
-0.011186669
0.10124837
0.18884347
0.11510375
-0.14063421
-0.18209903
0.12895171
0.14008936
-0.18428841
-0.47809395
0.16836253
-0.47832167
-0.26067662
-0.08985747
0.18409216
0.0487978
0.014801867
-0.2529697
-0.048948344
-0.11729319
-0.23780566
0.074857846
-0.059872564
0.00050788984
-0.042927478
-0.46088204
-0.21139085
-0.18234691
-0.28494066
-0.20770937
-0.3665101
0.056329995
0.030938882
-0.34569505
-0.5187038
-0.18664491
-0.60277104
-0.5850777
-0.35278425
-0.6496556
-0.37165293
-0.38518292
-0.43485832
-0.19112638
-0.43996024
-0.201804
-0.40424716
0.091913536
-0.4990228
0.05903905
-0.16419756
-0.0054094614
-0.31116217
-0.02333377
-0.567722
0.01963302
0.099000275
0.015980748
-0.14665739
-0.04689904
0.1184512
-0.13274266
0.15000643
-0.14463016
-0.078252
0.055582464
0.07433979
0.033297706
-0.021244457
-0.09910104
0.087027706
0.06498707
0.012664602
-0.20707309
0.08872763
0.036202036
0.05154807
-0.16597493
0.06799435
-0.01906926
0.110279426
0.055716705
-0.038560078
-0.07285122
0.06406925
-0.20614713
-0.08854388
-0.069466606
-0.19362512
-0.035640556
-0.05606859
-0.16170998
-0.17494182
0.035379257
0.023404922
0.014207109
0.0021767982
-0.04222153
0.010988635
-0.04529641
-0.005161116
-0.2402626
-0.054420985
-0.15530504
-0.3406961
-0.02717617
-0.35478982
-0.61328477
-0.46591452
-0.05278974
0.16678731
-0.24815375
-0.19230752
0.16348569
0.028679894
0.1829297
0.19772778
-0.06420911
0.23498937
0.22535717
-0.33049023
0.14258508
-0.41664886
0.10933935
-0.4797725
-0.05051949
-0.2888883
0.21094286
0.14821534
0.19268358
-0.18793559
-0.34346572
-0.4393795
0.1671902
0.059982315
0.17879502
0.021997768
-0.07452703
0.13302347
0.1262944
0.19708432
0.1498286
0.19719994
-0.3139329
-0.065723196
-0.04705446
0.008479989
-0.072780654
-0.14586227
-0.07580284
-0.0037737763
-0.14916432
-0.0134750055
-0.1233929
0.0050724926
-0.1459271
-0.027044768
0.01829196
-0.12391579
0.08060253
0.0014535474
-0.06477973
-0.1615108
-0.1547545
-0.034475505
0.08804086
0.15015645
0.008948413
-0.118245736
0.09925924
0.027466616
0.07410925
-0.12784657
-0.081935845
0.02303523
-0.13139476
-0.050129127
-0.004354953
-0.060562283
0.00046526987
-0.16923502
-0.06882043
-0.07564145
0.0068294057
0.05030155
-0.22399142
0.09731508
0.06809558
-0.207015
-0.19296567
-0.019846516
-0.10951598
-0.1049345
-0.0003879487
-0.099678874
0.09452344
-0.09317126
0.089441426
-0.037501346
0.08909772
-0.12473436
-0.02552741
0.022914318
-0.14852773
-0.026198499
0.036356308
-0.01358357
-0.12696978
-0.013978091
-0.16506885
-0.12042516
-0.07482232
0.14698455
-0.16555327
0.03097136
-0.07811917
0.022097992
0.038147546
-0.075298965
-0.017690726
0.08424502
0.06559476
-0.1554461
-0.08271806
-0.031737875
-0.21001548
0.033304896
0.08054456
0.09472839
0.0669687
-0.30164868
-0.018883966
-0.031217718
-0.08814861
-0.0154753495
-0.28893372
-0.43913472
-0.31781837
-0.41127938
-0.10769768
-0.36576328
0.16536817
0.17151575
-0.15115231
0.022919668
-0.26519004
-0.16700046
-0.16257639
0.17197117
-0.16642801
0.00053864747
-0.14929463
-0.10235965
0.01783309
0.053534042
0.06845186
0.13203238
0.13414629
0.06399763
-0.16043298
0.09278808
-0.310976
-0.038427584
-0.31047466
0.16698149
0.11663749
-0.058005705
-0.20412672
0.13224877
-0.29944485
0.15257421
0.049493458
-0.23566507
-0.023800174
0.2429589
0.25796387
-0.074658155
-0.13759579
-0.13179407
0.1466992
-0.08574109
0.2888449
-0.021521943
-0.43616468
-0.19744083
0.29728907
0.2774555
-0.02074545
0.09827113
-0.42605639
0.23232093
-0.2516458
-0.25633168
-0.3161177
-0.15422046
-0.099167354
-0.17040285
-0.19611022
-0.11298573
-0.06947368
-0.18458687
-0.07781381
-0.119318716
-0.005947879
-0.20512797
0.099326536
-0.15326329
0.027783437
0.19879839
-0.048599128
0.12987806
-0.17156318
-0.18240967
-0.15441124
-0.15313469
-0.36520866
-0.46588147
0.08990372
0.284464
0.17442602
-0.2653721
-0.052544598
-0.46067742
-0.12725967
-0.30063424
0.2552618
0.17891899
-0.30468094
-0.1408285
0.24553704
-0.091699995
0.25298527
-0.17327806
0.048611358
-0.20102882
0.22196665
-0.13478824
0.063645825
-0.050478823
0.2615562
-0.3479878
-0.4427819
-0.3235345
-0.28022966
0.0118684
-0.16111578
-0.18492581
0.12209172
-0.08465409
-0.18083498
0.048871584
-0.33662
-0.2746272
-0.13756327
0.2862935
-0.11424907
-0.31427756
0.03040418
0.096288584
0.1377161
0.12416261
0.11641654
0.04837311
0.12650098
0.101122506
0.07572163
0.12610397
0.10688026
-0.16521703
0.07952355
-0.29906705
0.024358574
-0.36771846
-0.110827535
-0.22055866
0.11249764
-0.2287007
-0.3291801
-0.020105815
-0.35839015
0.056942
-0.3737761
-0.31288534
-0.38796687
-0.26923922
-0.43138054
-0.30368897
-0.44617718
-0.30189165
-0.4913875
0.10830193
-0.25153157
-0.40322486
-0.4252598
-0.43919718
-0.46854016
0.031438295
-0.34031174
0.09056401
0.08965648
-0.36694583
0.038387135
-0.07713312
-0.106457435
-0.011265673
-0.13558012
0.09969027
0.07889344
-0.031034863
-0.034534633
0.10304532
-0.026019288
0.12879373
0.00010055795
0.11032215
0.036303297
-0.08257072
-0.12992615
0.06737379
-0.18853742
0.067799285
0.056655403
-0.0956075
-0.04925927
-0.020397658
-0.080746315
0.100298546
0.13279505
0.027594034
0.036069307
-0.15501416
0.057341605
0.1528384
0.0492898
0.100784436
0.05787828
0.006369144
0.14570148
0.009474456
0.046798043
0.046853732
-0.0667746
0.08695426
0.03988331
-0.0049672285
0.030454364
0.028363995
0.020828577
0.045913953
-0.058699906
0.116030306
-0.015451858
-0.053209644
0.031129714
-0.11502978
-0.07251476
-0.07963632
0.007873907
0.1957799
-0.057677522
0.0457703
-0.0093783215
-0.10489924
0.07526928
0.025983034
0.17873739
0.13509248
-0.10613867
-0.05905191
0.1689675
0.1930866
-0.005130037
-0.09405512
-0.08611498
-0.040294986
-0.042338822
-0.007742582
0.15475334
-0.097723775
-0.0049171518
-0.059837263
-0.012203639
-0.17106037
-0.044096943
0.15127714
0.009133205
0.023400268
-0.044848595
0.10381284
0.07972334
0.07854625
0.05638035
0.07608102
0.07494765
0.07854949
0.09386542
0.07640461
-0.17268685
0.034982048
-0.04032275
-0.41016573
-0.5657686
0.07326843
0.020925099
0.06420981
-0.25112388
-0.41856316
-0.63718116
-0.51366174
-0.08386379
-0.70749
-0.39054623
-0.64170593
-0.51954037
-0.48563313
-0.350901
-0.72430533
-0.45096254
-0.19695073
0.005929337
0.0009331286
0.046262164
0.07336931
-0.049803425
-0.09303144
0.066113085
0.041819472
-0.0035911433
0.08233185
-0.26732212
0.01647499
0.073202476
-0.03288025
0.012222315
0.04844821
-0.061311096
0.011613377
0.030145286
0.05164328
-0.07144923
-0.14844361
-0.0102732945
-0.0823888
-0.06372344
-0.07639215
-0.005201477
-0.037080813
0.06506364
-0.10969769
0.15859085
-0.13948877
0.033666387
0.00642245
-0.03008892
-0.08271173
-0.017308975
0.015002125
-0.04557485
0.08356024
-0.013372599
0.023996174
-0.12398383
-0.065581955
-0.17324303
-0.16642615
-0.11410858
-0.11080296
-0.1369983
0.04585115
-0.10669053
-0.19199744
-0.04955219
-0.067926586
-0.1799891
-0.1406477
0.0797937
0.07303312
-0.030512499
0.006520723
0.08483513
0.12512188
0.083135806
-0.13920902
-0.06366793
0.057180487
0.08705842
-0.109946966
-0.12517022
0.05180832
0.030841285
0.038807783
0.18371174
-0.095760405
0.08308804
-0.13101761
-0.17235525
0.012332886
-0.07239812
0.026329579
-0.16921568
0.14097077
0.053131852
-0.14739813
-0.11031606
0.15466626
0.09971602
0.16533373
0.087457076
0.04021211
0.004994496
-0.1649254
-0.00047927888
0.012977456
0.060310036
0.106722265
-0.14728136
0.0035076407
-0.13012218
0.12544891
-0.025646077
-0.0016301373
0.21455759
0.119637005
-0.30235288
0.16883858
0.17218243
0.0894533
0.21012528
-0.288704
-0.15488935
0.17303295
0.21286333
0.18277884
-0.017254207
0.13611549
0.02472945
0.004582922
-0.10736315
-0.4722788
-0.44752246
-0.23348264
-0.22702122
-0.17253458
-0.10689522
-0.39111286
-0.41773176
-0.48775196
-0.3790597
-0.015315601
-0.325754
0.23357847
-0.37131104
0.05576327
-0.37920314
-0.26200876
-0.20206362
0.24689409
-0.38510048
-0.33884156
-0.2628085
-0.05696629
-0.14938878
-0.075733155
-0.09594429
0.04337784
0.016042802
0.09746236
-0.037131656
-0.01604634
0.013601004
0.04660435
0.014204988
-0.02518904
0.0050088055
-0.13076264
-0.1879504
-0.014874287
-0.086371586
0.033375192
-0.0083757825
0.058317702
-0.0009729198
-0.13752645
-0.18616822
-0.14350261
-0.061090022
-0.14402206
-0.008742852
0.07428892
-0.023142165
-0.0072627957
-0.061245088
-0.16286883
-0.13478602
-0.10709602
0.014054313
-0.17680985
-0.17133474
-0.0954485
-0.07443863
-0.0922272
-0.0816314
-0.12894823
0.052699216
-0.026671236
-0.04365873
-0.0667718
-0.0777817
0.17636704
-0.08187201
-0.031970866
0.064685404
-0.089515924
-0.07264506
0.16027904
0.092140526
0.032988627
0.010613767
0.021117644
0.07506854
-0.1682766
0.077238254
-0.10771772
-0.040945943
0.16157302
0.052693788
0.10761197
0.014388073
-0.14638299
0.08746361
0.035945207
-0.049310282
-0.05200978
0.001977989
-0.044448446
0.016675178
-0.07659353
-0.099673964
-0.095624216
-0.045311123
-0.024952473
0.077754036
0.030646157
0.13035397
0.14494862
-0.08127845
-0.11206171
0.11057494
0.091555275
-0.18259817
-0.04021877
-0.0072563225
0.13308576
-0.06395664
-0.08310084
-0.0035754493
-0.082369685
0.04857608
0.0780863
-0.037905514
0.10394445
-0.091536686
-0.0106411725
-0.019955514
0.11875047
0.05685682
-0.07423274
0.062974386
-0.05509739
0.07639665
-0.004670065
-0.07326072
0.05322877
-0.20640932
-0.19035524
-0.15776984
-0.037136897
-0.17525782
-0.13850513
0.025128862
-0.046779066
0.13003525
0.014884611
-0.019842297
0.019776203
0.0160736
0.02354613
-0.11032139
0.0049900366
0.12346681
0.12015789
0.15191635
-0.012530568
-0.023320094
0.03776889
-0.15352759
-0.014939668
0.072580285
0.031571683
0.112118386
-0.06813204
0.081487074
-0.08964668
-0.04019843
-0.16584869
-0.06829954
-0.013342976
-0.008085935
0.057220537
-0.004511309
-0.05631843
0.06068003
-0.14385638
0.020967377
0.049613748
-0.027760014
0.124606885
0.123283826
-0.022842254
0.09784159
-0.09826077
-0.017825335
0.025629705
0.15852381
0.077444784
0.034740753
-0.05428788
-0.0136500895
-0.027565693
-0.05239314
0.017593563
-0.1447716
0.100563206
0.13979623
0.084145576
-0.023568114
-0.028402474
0.17904602
-0.02989328
0.13425863
0.05081312
0.12459888
-0.06281734
-0.10881016
-0.03435215
-0.07051256
-0.10048807
0.031518806
-0.071702726
-0.16409382
0.0038528382
0.09625245
-0.063011825
0.078878805
0.05221659
0.05014638
-0.12087353
-0.026600113
-0.15656805
-0.07436723
-0.026951138
-0.030470727
-0.10632159
0.021791369
0.07723499
-0.18683544
0.11851428
-0.0383381
-0.17660315
-0.18474664
0.16372912
0.06228966
0.020998577
-0.024366325
-0.1946785
-0.13664086
-0.11574093
-0.061732996
-0.15666513
0.088737845
-0.102755964
-0.02300127
-0.09526853
-0.22481121
-0.13217902
-0.13021943
0.19608362
-0.13310713
0.09415874
-0.01958339
-0.33664712
-0.16013764
0.124057665
-0.16501541
0.05302742
-0.12974225
-0.2207248
-0.25700086
-0.021198751
-0.1654671
-0.13730077
0.060683545
0.02432131
-0.12210906
-0.19241528
0.095299765
-0.13246037
0.09342652
-0.0033282281
0.0046127127
0.06606616
0.20602113
-0.17833488
-0.01734028
-0.084428325
0.06660332
0.06576929
-0.033276647
-0.071139514
-0.039039746
-0.017555943
-0.009214105
-0.0389367
0.028086526
0.11458137
-0.017110089
-0.0032676922
0.10534629
-0.06049977
0.08775552
0.010114809
-0.034395628
0.045654036
0.18752995
0.094079316
0.009225214
0.045064792
-0.009877162
0.023756223
-0.039397728
-0.0057894066
0.09563926
0.0087033715
-0.08732742
-0.016924437
-0.1927359
-0.056792665
0.06099837
-0.20736687
0.16004457
-0.079837516
-0.004793372
-0.088718824
-0.0003274083
-0.18622547
0.094037555
-0.0380244
-0.07657336
-0.06951289
-0.069999754
-0.04228131
0.0026731687
0.06824276
-0.026414169
0.011987819
0.021413662
0.035600808
0.06115472
0.10476544
0.04860151
-0.08895383
-0.108138174
-0.07206254
0.0759357
0.006801999
-0.04377559
0.0012905351
-0.09444722
-0.10847906
-0.03311307
-0.103770815
-0.0654739
-0.0919322
0.044382434
0.057592038
-0.0741598
-0.08586638
-0.1312413
0.011037137
-0.0010092605
-0.097742595
0.097800724
-0.16860415
-0.15461859
-0.024008034
-0.111697994
-0.030897617
-0.20308034
0.008062155
0.16557248
0.055985212
-0.104774274
-0.0690754
-0.14608617
-0.06577054
0.0028203954
0.06805074
0.06575436
-0.08415065
0.11652402
0.055094916
-0.0850422
-0.13789004
-0.16776343
0.017914636
-0.08063405
0.0638871
0.18283908
-0.04448715
0.011165542
0.012785522
-0.072205625
-0.028296268
-0.047364168
-0.11636309
0.050282035
-0.048727576
0.024581807
0.008101021
-0.071041405
0.13152549
0.0056757475
0.19936687
0.17957225
-0.08629137
-0.012283394
0.038004704
0.03454185
0.0214806
0.023859074
-0.06779549
-0.15442331
-0.13863756
-0.007302966
-0.051866166
-0.16420491
0.016099114
0.18561871
0.18492155
-0.041552216
-0.22437038
0.21427083
-0.18218952
0.15839265
-0.1494574
-0.20269242
-0.22948101
-0.12017037
-0.2332041
0.2128
0.20474899
0.1060986
-0.27916586
-0.28748196
0.21517666
-0.17359206
-0.21440695
-0.15187475
-0.23912057
-0.2908823
-0.2985834
-0.2689676
-0.14020899
-0.21029188
-0.48805332
-0.250589
-0.17540729
-0.071147524
-0.33371884
0.21072514
-0.30059057
-0.011594222
-0.017261323
-0.21342129
-0.03811691
0.18398254
-0.07274161
0.19807094
0.17640473
0.2125811
0.046246283
-0.059237156
0.04709673
0.10202797
0.116897464
0.115211144
-0.44877067
0.061955325
0.17037214
-0.3024241
-0.6167189
-0.09413048
0.20543557
-0.31632742
0.1991535
0.16433252
-0.39488783
-0.2868156
0.14136234
-0.25185177
-0.12908784
0.13029271
0.23410718
-0.4104897
0.14178306
0.19217843
0.20408742
-0.05322087
0.029216705
0.2001709
0.068357415
0.19711918
-0.2831704
-0.06491304
-0.43101457
-0.25253034
0.1459895
-0.70880175
-0.18088555
-0.25469863
-0.10011041
-0.5662814
-0.7582745
0.08958797
0.057982743
0.04369453
0.1706897
-0.019098034
0.0032302986
-0.052551802
-0.029601116
-0.08633151
-0.0702284
-0.03107286
-0.05120929
0.096973136
-0.0251799
-0.011714028
-0.08324103
-0.11279449
-0.0074943732
0.039681703
-0.06778362
0.14980505
-0.071315415
0.08199874
0.026413536
-0.016767256
-0.07896746
-0.054631505
-0.15853181
-0.041003328
0.071025
0.042843338
-0.0775522
-0.1628605
0.104866646
-0.11392445
-0.025247613
0.09015209
0.043549784
0.046759427
-0.08126469
0.10379193
-0.1455067
-0.12781268
0.16735983
0.14783795
0.11597926
-0.36410093
0.14389624
0.0027157944
-0.5884869
0.120550714
0.1398974
-0.20994684
0.027927492
-0.44204175
0.09614988
0.06700027
0.15440768
-0.013456029
-0.3992811
0.16479927
-0.2667394
-0.40604016
-0.0103558805
-0.31797677
-0.18212748
-0.21881928
-0.046295874
-0.07503961
-0.27413914
-0.50704265
-0.16867395
-0.12186985
-0.25523692
-0.20548181
-0.2787424
0.16210476
-0.29861584
-0.11424604
-0.14480194
0.15637562
-0.26936042
0.16122338
0.12724642
-0.31842726
-0.46158934
-0.27528346
-0.27065054
-0.36166173
-0.1426912
-0.17727719
-0.1431863
-0.17059085
-0.23689929
-0.042098172
-0.08438489
-0.19761446
-0.0842304
-0.3352232
0.15051855
0.13208222
-0.059580877
-0.49532384
0.1834097
0.05132246
-0.16201586
-0.09690305
-0.067113206
0.18314022
-0.21461454
0.0123316925
0.056236997
0.075456634
-0.70363754
0.103383526
0.047292538
0.16442837
-0.0059912205
0.040463094
0.1890689
0.18935983
0.009425252
-0.5175613
0.17850456
-0.15780427
0.21308322
-0.22028743
-0.31343606
-0.5729084
0.014198513
-0.031494994
0.0031953205
0.018554907
-0.10765916
-0.03215728
0.13282354
0.11629038
-0.0070600095
-0.016320663
0.066027
0.10509741
0.1550732
0.030706717
-0.10198671
-0.07180962
-0.025895368
-0.0147838835
0.032604285
-0.059541054
0.0043229475
-0.0535716
0.067624204
0.15538073
-0.09530395
0.05969526
0.04027771
0.04577049
-0.040606663
-0.112308174
-0.083194815
0.032762285
0.15472797
0.11416775
-0.082161546
-0.047473434
0.061536264
0.17794135
-0.07444444
-0.019190734
-0.13587411
-0.18901268
0.019499926
-0.4706149
-0.13592552
0.2603945
0.24965057
-0.14004853
0.25135976
-0.384147
0.28456926
0.20456868
-0.017894508
0.21104144
-0.51780075
-0.1981302
-0.036123518
-0.14528061
0.17687777
-0.24136744
-0.4020511
-0.43601575
-0.4110507
-0.06510884
-0.3969012
-0.4487966
-0.28791746
-0.33797047
-0.37587842
-0.36422455
-0.4501321
-0.40702522
-0.47647437
-0.01663858
0.08995261
-0.19537516
-0.20581731
-0.24941278
-0.3917792
-0.31303623
-0.19348821
0.19853279
-0.23334362
-0.29145753
-0.37310264
-0.0075701955
0.15795287
0.1612299
0.16442041
0.16013439
0.0907094
0.14715253
0.17633311
0.12740824
0.07648445
-0.56910616
-0.104340464
0.016223146
-0.40258765
0.1293117
0.02416512
-0.36452767
-0.3773861
-0.5042632
-0.35010272
-0.6510803
-0.0057611987
-0.018670639
-0.44591725
-0.2526922
-0.42763844
0.034455262
-0.46698353
-0.23461515
-0.13199435
-0.311616
-0.11651853
0.0026089076
0.17300557
-0.5916605
0.1436373
-0.09231076
0.16194932
-0.35968047
0.17294629
-0.6590519
-0.02813547
0.12542605
0.13415615
0.0010055503
-0.013164581
-0.031247267
0.062096804
-0.15728177
-0.03818385
0.12821272
0.03555532
0.059075613
-0.18721408
-0.092769414
-0.010363192
-0.021048125
0.039834797
-0.13937935
0.03434395
0.05877014
-0.00930875
0.054705955
0.107595816
-0.02653346
0.028859584
0.02565727
-0.004428354
-0.047561247
-0.04311433
0.014650131
0.10331761
-0.13638678
-0.03348773
0.049495578
0.09257629
-0.005925189
-0.07014848
-0.004362401
-0.061377347
0.03718787
-0.010277307
-0.10471021
0.083855905
-0.05863453
-0.045708384
-0.1274188
0.16879393
0.1413402
0.100756034
0.16008343
-0.23756494
0.12513907
0.04037099
-0.3135021
-0.24724264
-0.23495312
-0.05577908
-0.5325189
-0.21023035
0.13835214
0.19838262
-0.053015217
-0.49117842
-0.31129688
-0.46349004
-0.13703334
0.024745537
-0.05105983
0.21050966
0.14007266
-0.096973434
0.1451777
-0.38182634
-0.5703289
-0.16388065
0.14552864
0.030287972
0.12087755
-0.47112426
-0.30169258
0.16183273
0.12511174
0.11576363
-0.07638395
0.19831577
-0.22714093
-0.40428534
-0.657145
-0.17223732
0.12521958
-0.027913542
-0.30189925
-0.115909405
0.11663847
-0.21500488
-0.20519033
-0.09022933
0.041760344
0.035601143
-0.22525027
-0.28422552
-0.36888954
-0.022705311
-0.17406572
-0.23591346
-0.21267581
0.18295276
-0.4488766
0.13655108
0.01428529
0.17770928
0.20698802
0.04919313
0.102445714
0.11346443
0.10578991
0.015928786
-0.021341864
0.104904145
0.11603371
0.12533998
-0.2236087
0.036336016
0.0156227965
-0.3292789
-0.23789676
0.14208594
-0.4868171
0.18040447
-0.33645174
-0.33416346
-0.5745002
